,index,TimeBin,Mean,MeanError,SD,SDError,Var,VarError,Npoints,RMS,RMSError
0,0,5.596906821882588,-2.2715821978402913,0.010012276983173527,20.533783891335048,0.007079748949919989,421.6362808960508,0.29074806988512664,4206029.0,20.533783891335048,0.007079748949919989
1,10,6.227570384230825,-2.0912934845281526,0.053236818223916814,24.88649009243107,0.03764411517492716,619.3373891206699,1.873659798678318,218526.0,24.88649009243107,0.03764411517492716
2,20,6.858233946579061,-2.0015240328253214,0.06481188977890444,26.76974277566397,0.045828926764178414,716.6191282752135,2.4536571623235965,170600.0,26.76974277566397,0.045828926764178414
3,30,7.488897508927296,-1.8141935582845607,0.08061005117775391,29.105587098766595,0.05699991381958444,847.1352003638884,3.318031912596209,130369.0,29.105587098766595,0.05699991381958444
4,40,8.119561071275532,-1.8918839974963475,0.0992406225062736,31.48493794495659,0.07017371714336038,991.3013173977673,4.418830259251276,100653.0,31.48493794495659,0.07017371714336038
5,50,8.750224633623768,-1.7747214360990435,0.11522869036332507,33.485980821793405,0.08147898834315215,1121.3109115975158,5.456807682075842,84451.0,33.485980821793405,0.08147898834315215
6,60,9.380888195972004,-1.4286578274017168,0.12397266442952351,34.48624508562788,0.08766191169988038,1189.3011001059929,6.046260343113489,77382.0,34.48624508562788,0.08766191169988038
7,70,10.01155175832024,-1.2384744543055908,0.1269934267598455,34.78831888571373,0.0897979132280039,1210.2271308941065,6.247836881294902,75042.0,34.78831888571373,0.0897979132280039
8,80,10.642215320668475,-1.3324675324675346,0.12803849223434524,34.7932676133931,0.09053688611180662,1210.5714712171894,6.300148214742761,73843.0,34.7932676133931,0.09053688611180662
9,90,11.27287888301671,-1.1136160076226806,0.12794930058461274,34.67992564731833,0.09047381809145555,1202.6972429035277,6.275250568881365,73465.0,34.67992564731833,0.09047381809145555
10,100,11.903542445364947,-1.0122375160493131,0.12876599212429735,34.6552802203856,0.09105130621730421,1200.9884471534492,6.310817062785629,72433.0,34.6552802203856,0.09105130621730421
11,110,12.534206007713182,-1.0339160839160833,0.1297267254603706,34.826733512946205,0.09173064727415357,1212.9013671817702,6.389357615174022,72072.0,34.826733512946205,0.09173064727415357
12,120,13.164869570061418,-0.8188063932194806,0.13027347190074,34.7766735159316,0.09211725538972843,1209.4170208336982,6.407063431744551,71263.0,34.7766735159316,0.09211725538972843
13,130,13.795533132409654,-0.869033106588792,0.13095488744896447,34.82292128849503,0.09259908894468387,1212.6358470647208,6.449141571414154,70711.0,34.82292128849503,0.09259908894468387
14,140,14.42619669475789,-0.6969147005444661,0.1313279547335871,34.60335854252951,0.09286288735147939,1197.3924224228504,6.4267355726355415,69426.0,34.60335854252951,0.09286288735147939
15,150,15.056860257106125,-0.6508570516262902,0.13252106097554045,34.78494840519259,0.0937065408658406,1209.9926355519103,6.519154378494672,68899.0,34.78494840519259,0.0937065408658406
16,160,15.687523819454361,-0.8023536998226648,0.13331737261704749,34.82442699904673,0.09426961822748803,1212.740715811935,6.565770876382324,68233.0,34.82442699904673,0.09426961822748803
17,170,16.318187381802595,-0.9529536767852625,0.1339691656962345,34.873951977740894,0.09473050553371161,1216.1925265457783,6.607254201619554,67763.0,34.873951977740894,0.09473050553371161
18,180,16.94885094415083,-0.5271706843794263,0.13464473552281186,34.85062518584872,0.0952082055392495,1214.5660758445129,6.6361309717312595,66995.0,34.85062518584872,0.0952082055392495
19,190,17.579514506499066,-0.6445560182192632,0.1346356311333003,34.72529339216524,0.0952017677636873,1205.8460011719549,6.611818634093641,66523.0,34.72529339216524,0.0952017677636873
20,200,18.210178068847302,-0.29966198727123067,0.13609062663353227,34.876923879662556,0.09623060494849722,1216.3998193077762,6.7124549673652325,65678.0,34.876923879662556,0.09623060494849722
21,210,18.840841631195538,-0.5828629466621581,0.13685908839040725,34.887526531657606,0.09677398946786606,1217.1395074971135,6.752410250269063,64982.0,34.887526531657606,0.09677398946786606
22,220,19.471505193543774,-0.46455152149790063,0.13747162778254782,34.77325735199634,0.09720712022579256,1209.1794268681679,6.760416416115867,63983.0,34.77325735199634,0.09720712022579256
23,230,20.10216875589201,-0.3874717498714146,0.1372803888126015,34.77261032309412,0.09707189385331635,1209.1344286817518,6.75088627657225,64159.0,34.77261032309412,0.09707189385331635
24,240,20.732832318240245,-0.09728806050441853,0.13860123344782058,34.844361115131456,0.09800587205177366,1214.1295015216851,6.829903994350742,63202.0,34.844361115131456,0.09800587205177366
25,250,21.36349588058848,-0.43395330938942606,0.13975662286141977,34.90224046536527,0.09882285574104079,1218.1663895021807,6.898278149095816,62368.0,34.90224046536527,0.09882285574104079
26,260,21.99415944293672,-0.25782393126504066,0.139608488367634,34.739518254782574,0.09871810883595725,1206.8341285743716,6.8588390879687,61919.0,34.739518254782574,0.09871810883595725
27,270,22.624823005284956,-0.2723203960976585,0.14086221816882297,34.903997745134795,0.09960462968015363,1218.2890585923749,6.953199539522138,61399.0,34.903997745134795,0.09960462968015363
28,280,23.25548656763319,-0.5113596000789348,0.14118299652785832,34.815852897553526,0.09983145423308538,1212.143612984086,6.9514344502558965,60812.0,34.815852897553526,0.09983145423308538
29,290,23.886150129981427,-0.524207172372592,0.141662938041101,34.775005296361186,0.10017082413167225,1209.3009933619485,6.966881879439534,60259.0,34.775005296361186,0.10017082413167225
30,300,24.516813692329663,-0.47809828525720605,0.1420384714208467,34.79478719809208,0.10043636633105232,1210.6772161605127,6.989323986877173,60009.0,34.79478719809208,0.10043636633105232
31,310,25.1474772546779,-0.3879736999402283,0.1433901469999878,34.697749125840815,0.10139214529902726,1203.933794399787,7.036158441832897,58555.0,34.697749125840815,0.10139214529902726
32,320,25.778140817026134,-0.2364611260053593,0.1445146850712411,34.86010540118536,0.10218731379491292,1215.2269485817528,7.124521059109335,58188.0,34.86010540118536,0.10218731379491292
33,330,26.40880437937437,-0.17753815413236448,0.14445274076698378,34.80501783318654,0.10214351255731667,1211.389266368433,7.11021355220344,58054.0,34.80501783318654,0.10214351255731667
34,340,27.039467941722606,-0.401470049059834,0.14516164296593892,34.7409752966949,0.10264478210939589,1206.9353645655651,7.131959679194305,57277.0,34.7409752966949,0.10264478210939589
35,350,27.67013150407084,-0.4298025134649901,0.14599889097029728,34.79983944809411,0.10323680585081262,1211.0288256131273,7.185248537484685,56814.0,34.79983944809411,0.10323680585081262
36,360,28.300795066419077,-0.4273821231247821,0.14743757537862415,34.86735007506724,0.1042541093519279,1215.7321012572916,7.270129055076024,55927.0,34.86735007506724,0.1042541093519279
37,370,28.931458628767313,-0.09932793257528462,0.14829869171619914,34.79619523980446,0.1048630105536177,1210.7752031665907,7.297667577314714,55054.0,34.79619523980446,0.1048630105536177
38,380,29.56212219111555,-0.22808007378072492,0.1483849662774406,34.893821993450004,0.10492401588091543,1217.5788133105752,7.322399865973169,55299.0,34.893821993450004,0.10492401588091543
39,390,30.192785753463784,-0.3062963098149387,0.1488829179341446,34.85068948388476,0.1052761208740739,1214.5705575021557,7.337890797300536,54794.0,34.85068948388476,0.1052761208740739
40,400,30.82344931581202,-0.10841096968902146,0.15030543254186124,34.715999908305854,0.10628199059952727,1205.200649633492,7.379371151815504,53347.0,34.715999908305854,0.10628199059952727
41,410,31.454112878160256,-0.12004027070864894,0.15020739822980234,34.78752754650537,0.10621266987268145,1210.1720727988702,7.389752357967574,53637.0,34.78752754650537,0.10621266987268145
42,420,32.08477644050849,-0.37005457025921407,0.15127055162984548,34.75142567173369,0.1069644328512935,1207.6615862180315,7.434333075501752,52776.0,34.75142567173369,0.1069644328512935
43,430,32.71544000285673,-0.040001520825810745,0.15178770353438592,34.8130318097691,0.10733011446989756,1211.947183787995,7.472973378373404,52603.0,34.8130318097691,0.10733011446989756
44,440,33.34610356520496,-0.2030484612251989,0.15307331295388105,34.76045198302443,0.10823917760837988,1208.289022064147,7.524885471876283,51567.0,34.76045198302443,0.10823917760837988
45,450,33.9767671275532,-0.09942575881870254,0.15397867778480606,34.84071700763721,0.10887936721977477,1213.8755616062606,7.586870442549568,51198.0,34.84071700763721,0.10887936721977477
46,460,34.607430689901435,-0.5343954424909176,0.15432332810471686,34.81863982052394,0.10912307179812179,1212.3376789513754,7.599033866095953,50905.0,34.81863982052394,0.10912307179812179
47,470,35.238094252249674,-0.5087073662362522,0.15527100145028616,34.756781590721474,0.10979317804712359,1208.0338665451154,7.632115019070141,50107.0,34.756781590721474,0.10979317804712359
48,480,35.868757814597906,-0.13050127442650794,0.15642331873587584,34.778782326133424,0.11060798941384255,1209.5637000885708,7.693622374710601,49434.0,34.778782326133424,0.11060798941384255
49,490,36.499421376946145,-0.41664708027717784,0.15677321605757558,34.828361692583,0.11085540418273544,1213.014778189383,7.721824224907577,49354.0,34.828361692583,0.11085540418273544
50,500,37.13008493929438,-0.44597212572035333,0.15727892400226096,34.79171909053086,0.11121299369972237,1210.4637172744094,7.738582472035438,48934.0,34.79171909053086,0.11121299369972237
51,510,37.76074850164262,-0.32145502427783973,0.15766192440948232,34.75864430875862,0.11148381588486579,1208.1633541827978,7.750052605050367,48604.0,34.75864430875862,0.11148381588486579
52,520,38.39141206399085,-0.3658806979234507,0.15899140913375787,34.6976667591598,0.11242390354888497,1203.928078529703,7.801694282206268,47627.0,34.6976667591598,0.11242390354888497
53,530,39.02207562633909,-0.0948767163738367,0.1595612336510359,34.74297015128564,0.11282683032913862,1207.0739749331246,7.8398783967788646,47411.0,34.74297015128564,0.11282683032913862
54,540,39.65273918868732,-0.18972921312520263,0.15989797184268015,34.696386144537705,0.11306494018793474,1203.839211490868,7.845889648339287,47085.0,34.696386144537705,0.11306494018793474
55,550,40.28340275103556,-0.08537920250195619,0.16205006620179882,34.772485557267885,0.1145867007030209,1209.1257518304037,7.968928790501545,46044.0,34.772485557267885,0.1145867007030209
56,560,40.91406631338379,-0.1278663039253816,0.16123286821645513,34.698422073044156,0.11400885446601239,1203.980494359118,7.911854704651925,46314.0,34.698422073044156,0.11400885446601239
57,570,41.54472987573203,-0.5119991303402559,0.16178290481019092,34.696681581160284,0.11439778907134372,1203.8597127444275,7.938447321994302,45995.0,34.696681581160284,0.11439778907134372
58,580,42.17539343808026,-0.22932566998596826,0.16449486335523497,34.85156672222622,0.11631543334884117,1214.6317029937857,8.107550172363588,44889.0,34.85156672222622,0.11631543334884117
59,590,42.8060570004285,-0.33986749017405643,0.16495127769889306,34.80628307856922,0.11663816702627264,1211.477341745494,8.119482118563766,44525.0,34.80628307856922,0.11663816702627264
60,600,43.436720562776735,-0.3062549094418426,0.16489443129153333,34.80678898355154,0.11659797054614246,1211.512559345485,8.116801913419875,44557.0,34.80678898355154,0.11659797054614246
61,610,44.067384125124974,-0.3476239456901865,0.16559845071887064,34.63700518483905,0.11709578745729975,1199.722128174567,8.111694794562604,43749.0,34.63700518483905,0.11709578745729975
62,620,44.698047687473206,-0.31495625607554095,0.168282953499977,34.97938393204503,0.11899401757793417,1223.5573002654098,8.324674852950148,43206.0,34.97938393204503,0.11899401757793417
63,630,45.328711249821446,-0.2915784822196903,0.16860736678374227,34.961948063841305,0.1192234124107916,1222.3378124187366,8.336565505400056,42997.0,34.961948063841305,0.1192234124107916
64,640,45.95937481216968,0.11428705705423585,0.16847589471735963,34.75507031934012,0.11913044762111583,1207.9149129022767,8.280774168492691,42556.0,34.75507031934012,0.11913044762111583
65,650,46.59003837451792,-0.22769457870050278,0.16983180528123676,34.80557728892899,0.12008922117551582,1211.4282104156093,8.359549338383408,42001.0,34.80557728892899,0.12008922117551582
66,660,47.22070193686615,-0.1522530329289454,0.16992901200119687,34.63551799394572,0.12015795670637652,1199.6191067089376,8.323466143238909,41544.0,34.63551799394572,0.12015795670637652
67,670,47.85136549921439,-0.12201263906576347,0.17062318202788154,34.80754732524924,0.12064880903954169,1211.5653507994655,8.39897826075761,41617.0,34.80754732524924,0.12064880903954169
68,680,48.48202906156262,-0.04204398762695547,0.17222228392347133,34.896586761917526,0.12177954483372151,1217.7717676320374,8.499380904233576,41057.0,34.896586761917526,0.12177954483372151
69,690,49.11269262391086,-0.45859504336438645,0.17340422626256327,34.88443117676857,0.12261530427666494,1216.923538526703,8.55473028651571,40471.0,34.88443117676857,0.12261530427666494
70,700,49.74335618625909,-0.28614829297639127,0.17378767356429264,34.711450428271924,0.12288644246394542,1204.8847908343794,8.531133311787864,39894.0,34.711450428271924,0.12288644246394542
71,710,50.37401974860733,-0.14355716878403157,0.17452029895378593,34.760658567981174,0.12340448684492557,1208.303384079763,8.579242465946765,39672.0,34.760658567981174,0.12340448684492557
72,720,51.00468331095556,-0.37822551777039076,0.17547577642427764,34.702525392955295,0.12408011144358122,1204.265268648707,8.6117864362632,39110.0,34.702525392955295,0.12408011144358122
73,730,51.6353468733038,0.042378143433719546,0.17728455794484319,34.854342476959985,0.12535911312245804,1214.825189501217,8.738618922756244,38652.0,34.854342476959985,0.12535911312245804
74,740,52.266010435652035,-0.20799646450204534,0.17767067531464464,34.84656001239906,0.12563213933297854,1214.2827446977292,8.755695765505434,38467.0,34.84656001239906,0.12563213933297854
75,750,52.896673998000274,0.02445062149263446,0.17864293919664218,34.88526582536104,0.12631963371704177,1216.9817717061026,8.813388002362482,38134.0,34.88526582536104,0.12631963371704177
76,760,53.527337560348506,-0.4730329949238575,0.17864857734667933,34.744277857607386,0.12632362049116638,1207.164843846627,8.778045940648063,37824.0,34.744277857607386,0.12632362049116638
77,770,54.158001122696746,-0.127790414514706,0.18063835560707092,34.91931447828474,0.12773060619214688,1219.3585236333463,8.920530412251042,37369.0,34.91931447828474,0.12773060619214688
78,780,54.78866468504498,-0.4539566802487696,0.18071160910337716,34.90308012249284,0.1277824042361306,1218.2250020371546,8.91999898659687,37304.0,34.90308012249284,0.1277824042361306
79,790,55.41932824739322,0.01125395837280969,0.1810870538629236,34.8078335468154,0.12804788377156684,1211.5852762228076,8.914138848685328,36947.0,34.8078335468154,0.12804788377156684
80,800,56.04999180974145,-0.21976542972505442,0.18186020235928374,34.70005130386734,0.1285945823162073,1204.0935604910258,8.92447720754357,36407.0,34.70005130386734,0.1285945823162073
81,810,56.68065537208969,-0.16676933322234433,0.18409365814862563,34.94823067715161,0.1301738740503313,1221.3788274634003,9.098693156898914,36039.0,34.94823067715161,0.1301738740503313
82,820,57.31131893443793,-0.07263360160405519,0.18468651513880183,34.9974854891118,0.13059308724835872,1224.823990560591,9.140859351905492,35909.0,34.9974854891118,0.13059308724835872
83,830,57.94198249678616,-0.6076142131979735,0.18413413897770722,34.67397893406819,0.13020249831908295,1202.2848151202043,9.029277367757862,35460.0,34.67397893406819,0.13020249831908295
84,840,58.5726460591344,-0.35896012686905276,0.18442111812694192,34.655471239341026,0.13040542322156595,1201.001686820793,9.038522787818147,35312.0,34.655471239341026,0.13040542322156595
85,850,59.20330962148263,-0.07442171724519397,0.18928404594702644,35.09113847926657,0.13384403245956844,1231.3879997710628,9.393478955324332,34369.0,35.09113847926657,0.13384403245956844
86,860,59.83397318383087,-0.11657785325291385,0.18947522673313394,35.01653930969598,0.13397921768985763,1226.158025227484,9.38297708583843,34154.0,35.01653930969598,0.13397921768985763
87,870,60.4646367461791,-0.3344674859941886,0.18917341200158733,34.92952712827834,0.133765802446519,1220.0718654051323,9.344752450783211,34093.0,34.92952712827834,0.133765802446519
88,880,61.09530030852734,-0.26214739858511765,0.18921736511601303,34.63298110861555,0.1337968819917837,1199.4433804697217,9.267569772826217,33501.0,34.63298110861555,0.1337968819917837
89,890,61.725963870875574,-0.316270390657918,0.1908612883630178,34.790196480472886,0.13495931126749097,1210.3577711499076,9.390521911730618,33226.0,34.790196480472886,0.13495931126749097
90,900,62.356627433223814,-0.1695135592707903,0.19167334144294465,34.859790326864456,0.13553351950699066,1215.204981632953,9.449340144551376,33077.0,34.859790326864456,0.13553351950699066
91,910,62.987290995572046,-0.4910709318497874,0.19446309047090196,34.97903995234882,0.13750616996246784,1223.533235988015,9.619667625623261,32355.0,34.97903995234882,0.13750616996246784
92,920,63.617954557920285,-0.34272125338058396,0.1951443218148479,35.00053633219559,0.13798787326532888,1225.037543541343,9.659299143251086,32169.0,35.00053633219559,0.13798787326532888
93,930,64.24861812026852,-0.41198483247342815,0.1940303445994633,34.80344093329256,0.1372001724222431,1211.2795007971845,9.550076193870188,32174.0,34.80344093329256,0.1372001724222431
94,940,64.87928168261676,-0.5303269447576092,0.19423513500966977,34.70890015470783,0.13734498111002208,1204.7077499494771,9.534186472195978,31932.0,34.70890015470783,0.13734498111002208
95,950,65.509945244965,-0.33925708262800036,0.19591121836796715,34.66521545366664,0.13853015101850805,1201.6771624491287,9.60435506377112,31309.0,34.66521545366664,0.13853015101850805
96,960,66.14060880731323,-0.20936186720113437,0.1974204382124217,34.72243328745179,0.1395973306048232,1205.6473734015403,9.694317998064653,30934.0,34.72243328745179,0.1395973306048232
97,970,66.77127236966146,-0.06625298017571257,0.19833981290302072,34.70606698039792,0.14024742668299706,1204.511085247867,9.734873168577087,30619.0,34.70606698039792,0.14024742668299706
98,980,67.4019359320097,0.11008737092931024,0.19967076197736408,34.70826951761464,0.1411885497988792,1204.6639729073777,9.800820478441311,30216.0,34.70826951761464,0.1411885497988792
99,990,68.03259949435794,-0.41068450713508736,0.20017346615333956,34.868700957055275,0.14154401533064226,1215.8263064325472,9.870911885650024,30343.0,34.868700957055275,0.14154401533064226
100,1000,68.66326305670617,0.033498233215544106,0.20135708639760183,34.71001375031155,0.14238096123170976,1204.7850545468168,9.884090244270444,29715.0,34.71001375031155,0.14238096123170976
101,1010,69.2939266190544,-0.6953604761260657,0.20243803860280588,34.8122801313838,0.14314530986614812,1211.8948479459393,9.966429253108172,29572.0,34.8122801313838,0.14314530986614812
102,1020,69.92459018140264,-0.5412371134020599,0.20307092129574147,34.641304148497724,0.14359282551001848,1200.0199531087255,9.948485484069424,29100.0,34.641304148497724,0.14359282551001848
103,1030,70.55525374375088,-0.5190390473553055,0.20404377430084278,34.680239338447485,0.14428073646702333,1202.7190005720004,10.007380945207673,28888.0,34.680239338447485,0.14428073646702333
104,1040,71.18591730609911,-0.04006149330910702,0.20536190662928597,34.742597871012286,0.14521279677496673,1207.0481068268675,10.090139608155397,28621.0,34.742597871012286,0.14521279677496673
105,1050,71.81658086844735,-0.12961606862642797,0.20619914763760352,34.91835081338494,0.1458048155694355,1219.2912235266208,10.182527400668882,28677.0,34.91835081338494,0.1458048155694355
106,1060,72.44724443079558,-0.18765670202507642,0.20737138530966076,34.699250101053956,0.14663371277650955,1204.0379575754932,10.176159745756433,27999.0,34.699250101053956,0.14663371277650955
107,1070,73.07790799314382,-0.44216039046634703,0.20778034357128622,34.81111470780412,0.14692288993652716,1211.8137071998965,10.229099149565053,28069.0,34.81111470780412,0.14692288993652716
108,1080,73.70857155549206,-0.1766333921943115,0.2098215850303633,34.952144880773815,0.14836626561427968,1221.6524317666033,10.371438422339347,27749.0,34.952144880773815,0.14836626561427968
109,1090,74.33923511784029,-0.005941455983172972,0.20990651001714683,34.852698924499286,0.1484263166483265,1214.7106223217936,10.346115453233038,27569.0,34.852698924499286,0.1484263166483265
110,1100,74.96989868018852,-0.10620973975779897,0.2112583654054699,34.82048023711967,0.14938222276059332,1212.4658439436414,10.403121470824495,27167.0,34.82048023711967,0.14938222276059332
111,1110,75.60056224253677,-0.14987135985682176,0.21242716699642114,34.78815107156523,0.15020869029141654,1210.215454978045,10.450965220239503,26819.0,34.78815107156523,0.15020869029141654
112,1120,76.231225804885,-0.2691538172245259,0.21330010883741396,34.78165521758704,0.15082595338676405,1209.7635396750995,10.49195261712456,26590.0,34.78165521758704,0.15082595338676405
113,1130,76.86188936723323,-0.44741066020593134,0.21413043438326307,34.802618907444604,0.15141308221082636,1211.2222828168206,10.539143595569938,26416.0,34.802618907444604,0.15141308221082636
114,1140,77.49255292958146,-0.3466820809248574,0.21532248516218092,34.686307087899074,0.1522559894001179,1203.1398993960374,10.56239600860879,25950.0,34.686307087899074,0.1522559894001179
115,1150,78.12321649192971,-0.37535216688477174,0.2146964339234675,34.60677426702017,0.1518133043238534,1197.6288251684896,10.507537506932065,25982.0,34.60677426702017,0.1518133043238534
116,1160,78.75388005427794,-0.38256902383387315,0.21701638717291938,34.6044180904713,0.15345375899857658,1197.4657513801371,10.620356067882332,25426.0,34.6044180904713,0.15345375899857658
117,1170,79.38454361662617,-0.09464695184628713,0.21789055596549656,34.65350472926572,0.15407188967970953,1200.8653900212414,10.678261915325441,25294.0,34.65350472926572,0.15407188967970953
118,1180,80.0152071789744,-0.05427135678392503,0.2197776106217103,34.80128325114415,0.15540623882358798,1211.1293159263664,10.81667307258928,25074.0,34.80128325114415,0.15540623882358798
119,1190,80.64587074132265,-0.18327645051194458,0.2219451808270055,34.81923079206201,0.15693894241445008,1212.3788329508793,10.928986512381735,24612.0,34.81923079206201,0.15693894241445008
120,1200,81.27653430367089,-0.651964439346146,0.22304729461217382,34.847526229643115,0.1577182545455818,1214.350084325665,10.992182024341384,24409.0,34.847526229643115,0.1577182545455818
121,1210,81.90719786601912,-0.2640000000000013,0.2240366283080882,34.8158975382124,0.15841781911081923,1212.146721391304,11.030917116778696,24150.0,34.8158975382124,0.15841781911081923
122,1220,82.53786142836735,-0.3929773287127915,0.22450959083869365,34.745352636328704,0.15875225412345748,1207.239529822834,11.031806102663195,23951.0,34.745352636328704,0.15875225412345748
123,1230,83.1685249907156,-0.47424197821607467,0.2264967920562231,34.92680413932601,0.16015741757995472,1219.8816473868408,11.187573510550655,23779.0,34.92680413932601,0.16015741757995472
124,1240,83.79918855306383,-0.4427289048474021,0.22803390157727482,34.87800701764019,0.16124431814571677,1216.4753735225584,11.247760919681834,23394.0,34.87800701764019,0.16124431814571677
125,1250,84.42985211541206,-0.27555746140652243,0.22758022947833476,34.75352044050037,0.16092352352812117,1207.8071830082765,11.185317928583801,23320.0,34.75352044050037,0.16092352352812117
126,1260,85.0605156777603,-0.4722215034286488,0.22770441938186245,34.67318530977566,0.16101133905106046,1202.2297795260429,11.165551991785076,23187.0,34.67318530977566,0.16101133905106046
127,1270,85.69117924010854,-0.02641740193937778,0.22897588561490265,34.64579941472696,0.16191040144649288,1200.3314170854949,11.21903058334622,22894.0,34.64579941472696,0.16191040144649288
128,1280,86.32184280245677,-0.20583366180528131,0.22973413379494326,34.714188357778156,0.16244656387642195,1205.0748733393007,11.278401232959906,22833.0,34.714188357778156,0.16244656387642195
129,1290,86.952506364805,-0.10387890255439948,0.2342903125430554,34.9061115908396,0.1656682687655101,1218.4366263921465,11.565670153180204,22197.0,34.9061115908396,0.1656682687655101
130,1300,87.58316992715325,-0.013584905660378154,0.23323775275441352,34.79857246553395,0.16492399660135715,1210.9406456390177,11.478239294075603,22260.0,34.79857246553395,0.16492399660135715
131,1310,88.21383348950148,-0.2709738760356778,0.233503872026968,34.7026349806869,0.16511217134358486,1204.2728746027944,11.459654826010114,22087.0,34.7026349806869,0.16511217134358486
132,1320,88.84449705184971,-0.36485931871038185,0.2330441024833407,34.51020433345747,0.164787065181503,1190.9542031369872,11.373670581848888,21929.0,34.51020433345747,0.164787065181503
133,1330,89.47516061419795,0.08144910012556945,0.23752188003297292,34.82997394572726,0.16795333205149277,1213.1270850600397,11.699620358903143,21503.0,34.82997394572726,0.16795333205149277
134,1340,90.1058241765462,-0.2634890730972074,0.23717473267009825,34.55921527241842,0.16770786179713307,1194.3393602453586,11.591704197448237,21232.0,34.55921527241842,0.16770786179713307
135,1350,90.73648773889443,-0.2739907346128366,0.2383064114489619,34.66027282256911,0.16850807953579244,1201.3345121349232,11.681072019035483,21154.0,34.66027282256911,0.16850807953579244
136,1360,91.36715130124266,-0.9020255710386468,0.23978896164756502,34.65178661182404,0.16955640083467421,1200.746315391388,11.75086444078407,20883.0,34.65178661182404,0.16955640083467421
137,1370,91.99781486359089,-0.4235649546827771,0.2403143791190404,34.702760984098894,0.16992792709170834,1204.2816199194963,11.793936476773876,20853.0,34.702760984098894,0.16992792709170834
138,1380,92.62847842593914,-0.6868512780790123,0.24133703465871903,34.685430142016024,0.17065105375863307,1203.0790641366737,11.838210407612976,20656.0,34.685430142016024,0.17065105375863307
139,1390,93.25914198828737,-0.7293193717277459,0.24278309702931414,34.86960345467787,0.17167357426689958,1215.8892450864828,11.972378916667958,20628.0,34.86960345467787,0.17167357426689958
140,1400,93.8898055506356,-0.48664144933306336,0.24530231550441126,34.77068386770329,0.17345493073393117,1209.000456627762,12.062293123687784,20092.0,34.77068386770329,0.17345493073393117
141,1410,94.52046911298383,-0.5557612030377692,0.2451425769903625,34.56684191175496,0.17334197854743064,1194.8665597522595,11.98376953823971,19883.0,34.56684191175496,0.17334197854743064
142,1420,95.15113267533208,-0.07880205420247037,0.248600492854986,34.86350479618968,0.17578709430407843,1215.4639666739408,12.257108410756972,19667.0,34.86350479618968,0.17578709430407843
143,1430,95.78179623768031,-0.6623487544484016,0.24856044316860237,34.860546771009545,0.17575877489925223,1215.257721173744,12.254093985581441,19670.0,34.860546771009545,0.17575877489925223
144,1440,96.41245980002854,-0.2825053321541944,0.25026513019268193,34.6985179814483,0.17696417065377956,1203.9871501088908,12.28078891500451,19223.0,34.6985179814483,0.17696417065377956
145,1450,97.04312336237678,-0.3387026466009287,0.25061424496897977,34.789373676268376,0.1772110320795122,1210.3005207870349,12.330121629142663,19270.0,34.789373676268376,0.1772110320795122
146,1460,97.67378692472502,-0.2700704041721041,0.25129817335703825,34.79821908959278,0.1776946424805543,1210.916051807299,12.366914200170378,19175.0,34.79821908959278,0.1776946424805543
147,1470,98.30445048707325,-0.4986382978723441,0.25255779520632177,34.628980211467294,0.17858532963191345,1199.1662704861933,12.368455691763788,18800.0,34.628980211467294,0.17858532963191345
148,1480,98.93511404942149,-0.7697093869628487,0.2565677055332937,34.941281281344175,0.1814207644160653,1220.893137582013,12.67814791947643,18547.0,34.941281281344175,0.1814207644160653
149,1490,99.56577761176972,-0.435243882410904,0.25786382292772425,34.85170516218556,0.18233725781488094,1214.6413527119118,12.709528698891292,18267.0,34.85170516218556,0.18233725781488094
150,1500,100.19644117411796,-0.13982397638441046,0.2577602365904841,34.86248889139251,0.18226401121338012,1215.393131702466,12.708354132454208,18293.0,34.86248889139251,0.18226401121338012
151,1510,100.8271047364662,-0.6814363366825912,0.2580526904804342,34.82564231786841,0.18247080734214827,1212.8253628521068,12.709326139900663,18213.0,34.82564231786841,0.18247080734214827
152,1520,101.45776829881443,-0.5037745344740807,0.25967412616108587,34.725528737444925,0.18361733550719486,1205.8623460951133,12.752418121696325,17883.0,34.725528737444925,0.18361733550719486
153,1530,102.08843186116266,-0.7833062391389635,0.26064752516530143,34.8127922527624,0.1843056325438759,1211.9305044339935,12.832387393527831,17839.0,34.8127922527624,0.1843056325438759
154,1540,102.71909542351091,-0.4186495176848842,0.26198727288250717,34.881713967906315,0.1852529772397913,1216.7339693388303,12.923882727562917,17727.0,34.881713967906315,0.1852529772397913
155,1550,103.34975898585914,-0.18093049971280378,0.2630910241875497,34.71406059236254,0.1860334472723304,1205.066002810218,12.915952721635518,17410.0,34.71406059236254,0.1860334472723304
156,1560,103.98042254820737,-0.8337698458685773,0.2637966256621716,34.654885503895215,0.18653238285985077,1200.961089288087,12.928516741553748,17258.0,34.654885503895215,0.18653238285985077
157,1570,104.6110861105556,-0.45948377930381523,0.26708091923413685,34.71230065324005,0.1888547291159948,1204.9438166409293,13.111164273721236,16892.0,34.71230065324005,0.1888547291159948
158,1580,105.24174967290385,-0.43928508436710023,0.26639032161948584,34.742241334204905,0.1883664028596038,1207.0233329241355,13.088542054808839,17009.0,34.742241334204905,0.1883664028596038
159,1590,105.87241323525208,-0.3207107696001927,0.2705723781128975,34.92166063814214,0.19132356336540043,1219.5223817255664,13.362673103853197,16658.0,34.92166063814214,0.19132356336540043
160,1600,106.50307679760031,-0.1378555798687069,0.27081945090115433,34.73675164543021,0.1914982702094235,1206.6419148762982,13.30405570558846,16452.0,34.73675164543021,0.1914982702094235
161,1610,107.13374035994855,-0.3524746387949591,0.27326875164383463,34.85114144207182,0.19323018737373795,1214.6020598152961,13.468585182080366,16265.0,34.85114144207182,0.19323018737373795
162,1620,107.7644039222968,-0.19789760079149604,0.2734271724126593,34.771508937905615,0.19334220777365468,1209.05783381885,13.445600611352077,16172.0,34.771508937905615,0.19334220777365468
163,1630,108.39506748464503,-0.36367255536203036,0.27226592879313094,34.52091481464505,0.19252108453567657,1191.69355963998,13.292007918558339,16076.0,34.52091481464505,0.19252108453567657
164,1640,109.02573104699326,-0.5245419419169911,0.2735104219762952,34.646332859585314,0.19340107410463248,1200.3683806171812,13.401275977660845,16046.0,34.646332859585314,0.19340107410463248
165,1650,109.65639460934149,-0.2815285006982391,0.27581994025024664,34.61952307199278,0.1950341501374178,1198.5113777322404,13.503978521017677,15754.0,34.61952307199278,0.1950341501374178
166,1660,110.28705817168974,-0.4942443276502962,0.27907771410170384,34.85902965760007,0.19733774411935537,1215.151948669441,13.758004549641003,15602.0,34.85902965760007,0.19733774411935537
167,1670,110.91772173403797,0.20428912860926066,0.2798741576859443,34.822689052366314,0.19790091477860433,1212.619672837793,13.782884037028369,15481.0,34.822689052366314,0.19790091477860433
168,1680,111.5483852963862,-0.06592597377430583,0.2800961392117116,34.85030858577046,0.19805787942077255,1214.5440085234263,13.80475643131448,15481.0,34.85030858577046,0.19805787942077255
169,1690,112.17904885873445,-0.5477534791252487,0.2836183364696663,34.84006248842956,0.20054844898654894,1213.8299541976762,13.974240989297984,15090.0,34.84006248842956,0.20054844898654894
170,1700,112.80971242108268,-0.41031772243873466,0.28300092705469004,34.82061623007884,0.20011187460245078,1212.47531464243,13.9360375772272,15139.0,34.82061623007884,0.20011187460245078
171,1710,113.44037598343091,-0.5414029711544833,0.28650354919061627,35.10223899700681,0.20258860246669838,1232.1671826029856,14.2226270837113,15011.0,35.10223899700681,0.20258860246669838
172,1720,114.07103954577914,-0.6073619631901813,0.2860219130447844,34.83483882301012,0.20224803428191607,1213.465995825093,14.090555352962342,14833.0,34.83483882301012,0.20224803428191607
173,1730,114.70170310812739,-0.3486028905712311,0.2884213512298559,34.76643936372501,0.20394469329361808,1208.705306031568,14.180861625892135,14530.0,34.76643936372501,0.20394469329361808
174,1740,115.33236667047562,-0.6151236063984481,0.28954719228606046,34.79509222740556,0.20474078313899857,1210.698443113659,14.247948864065394,14441.0,34.79509222740556,0.20474078313899857
175,1750,115.96303023282385,0.16675302849940934,0.2901738767510857,34.676688847278356,0.2051839159738821,1202.4727494109593,14.230197621384836,14281.0,34.676688847278356,0.2051839159738821
176,1760,116.59369379517209,-0.40050188205771314,0.2890153253878357,34.61674951958139,0.20436469644857513,1198.3193473014383,14.148883015211219,14346.0,34.61674951958139,0.20436469644857513
177,1770,117.22435735752033,0.06977140423115599,0.29221386663409343,34.68124367892316,0.20662640665370888,1202.7886631168478,14.332121519315095,14086.0,34.68124367892316,0.20662640665370888
178,1780,117.85502091986856,-0.5075566009997058,0.30144289713619155,35.159149967845345,0.21315231670551996,1236.165826461439,14.988508538086084,13604.0,35.159149967845345,0.21315231670551996
179,1790,118.4856844822168,-0.5505074497948655,0.2955574001065614,34.83692836194691,0.20899064184521515,1213.611577695421,14.561184036558128,13893.0,34.83692836194691,0.20899064184521515
180,1800,119.11634804456503,-0.5192614475627749,0.29929994802487064,34.82699259682533,0.21163702285716723,1212.9194133393262,14.74136205652143,13540.0,34.82699259682533,0.21163702285716723
181,1810,119.74701160691328,-0.8072946968001737,0.30096148747030893,34.84790943111438,0.21281190866624555,1214.3767917191503,14.83210023812782,13407.0,34.84790943111438,0.21281190866624555
182,1820,120.37767516926151,-0.9702442303383322,0.2994759635868204,34.65261725595027,0.21176148465461625,1200.8038826873824,14.676179354576407,13389.0,34.65261725595027,0.21176148465461625
183,1830,121.00833873160974,-0.49391159299415804,0.3024689479581224,34.736553787215634,0.21387784419954928,1206.6281690121245,14.858758477862736,13189.0,34.736553787215634,0.21387784419954928
184,1840,121.63900229395797,-0.5608826016760223,0.30490376708449607,34.773736605668255,0.21559952131477084,1209.2127575203924,14.994401933016,13007.0,34.773736605668255,0.21559952131477084
185,1850,122.26966585630622,0.009747795141573689,0.3062948836871619,34.82345186682273,0.21658318929793702,1212.6727999209195,15.08434853535933,12926.0,34.82345186682273,0.21658318929793702
186,1860,122.90032941865445,0.11449161836126684,0.30954102944082185,34.97402713372288,0.21887856097306987,1223.1825739503843,15.310129460924728,12766.0,34.97402713372288,0.21887856097306987
187,1870,123.53099298100268,-0.4171527668295781,0.3061829404972209,34.48604123194836,0.21650403350922212,1189.2870398516425,14.932734052964328,12686.0,34.48604123194836,0.21650403350922212
188,1880,124.16165654335092,-0.38296360622088715,0.30831425471892077,34.70008109918111,0.2180111002482254,1204.0956282897462,15.13000571827025,12667.0,34.70008109918111,0.2180111002482254
189,1890,124.79232010569916,0.3163179916317958,0.3118346956277229,34.763625016572014,0.2205004278876059,1208.5096242928316,15.330788382156822,12428.0,34.763625016572014,0.2205004278876059
190,1900,125.4229836680474,-0.840805562215297,0.3102219985678084,34.701904773249936,0.2193600788605408,1204.222194891707,15.224425135342166,12513.0,34.701904773249936,0.2193600788605408
191,1910,126.05364723039563,0.4673590504450983,0.3157326546223699,34.77648643483682,0.22325670112550783,1209.4040087523895,15.528167276355285,12132.0,34.77648643483682,0.22325670112550783
192,1920,126.68431079274386,0.21440197287299706,0.31674816820313,34.93575784293746,0.22397477766485038,1220.5071760603662,15.649457190849938,12165.0,34.93575784293746,0.22397477766485038
193,1930,127.3149743550921,-0.4572748267898419,0.3158738478392081,34.78056515736641,0.2233565398065917,1209.6877126658105,15.536933372134136,12124.0,34.78056515736641,0.2233565398065917
194,1940,127.94563791744034,-0.6415307820299517,0.31571185055238615,34.613308862374474,0.2232419904265462,1198.0811504021312,15.454287931370576,12020.0,34.613308862374474,0.2232419904265462
195,1950,128.57630147978855,-0.21152109075415862,0.3228492276222636,34.97367731615863,0.2282888781525418,1223.1581050147886,15.968203118749706,11735.0,34.97367731615863,0.2282888781525418
196,1960,129.2069650421368,-0.6775124549046504,0.3234147167280416,34.89583347155767,0.22868873933392456,1217.7191936746847,15.960568329234183,11642.0,34.89583347155767,0.22868873933392456
197,1970,129.83762860448505,-0.6421216848673916,0.3247981614878198,34.88822138995199,0.22966698250496073,1217.1879917543035,16.0253450631906,11538.0,34.88822138995199,0.22966698250496073
198,1980,130.46829216683327,0.04882860665845161,0.3254282868461608,34.67605993208119,0.23011254841884127,1202.4291324132862,15.958793040191349,11354.0,34.67605993208119,0.23011254841884127
199,1990,131.0989557291815,-0.26424210246880514,0.3272247127738777,34.786003204694964,0.23138281337422922,1210.0660189570485,16.09776657509455,11301.0,34.786003204694964,0.23138281337422922
200,2000,131.72961929152973,-0.22530024019214814,0.32668208580626795,34.636005004677926,0.23099911816577762,1199.6528426840746,16.001773225732123,11241.0,34.636005004677926,0.23099911816577762
201,2010,132.36028285387798,-0.8089670014347231,0.32736975907577914,34.57123857374197,0.23148537659788967,1195.170536522585,16.005472361396304,11152.0,34.57123857374197,0.23148537659788967
202,2020,132.99094641622622,-0.8744186046511654,0.3346248443780368,34.83314442084399,0.23661549661320302,1213.347950243375,16.484123531474847,10836.0,34.83314442084399,0.23661549661320302
203,2030,133.62160997857444,-0.002335063009632421,0.3353397630640316,34.83662082088828,0.23712102046406694,1213.5901502183467,16.52099015713758,10792.0,34.83662082088828,0.23712102046406694
204,2040,134.2522735409227,-0.3127413127413133,0.3342803730548036,34.86465767842081,0.2363719186046205,1215.5443550334674,16.482052053883283,10878.0,34.86465767842081,0.2363719186046205
205,2050,134.88293710327093,-0.5912334925540846,0.3358590743318184,34.70417367217268,0.23748822898306549,1204.3796702683235,16.483665487450036,10677.0,34.70417367217268,0.23748822898306549
206,2060,135.51360066561915,-0.4048288973384018,0.33579968074834593,34.44198306157863,0.23744623137743312,1186.2501972140697,16.356238158274465,10520.0,34.44198306157863,0.23744623137743312
207,2070,136.1442642279674,-0.3700802819659298,0.3445021149740845,34.816877481497386,0.24359978163128282,1212.2149575615997,16.96276750315178,10214.0,34.816877481497386,0.24359978163128282
208,2080,136.77492779031564,-0.4270143568707894,0.34181861947498954,34.58792330710253,0.24170226376658915,1196.3244386980061,16.719958724623705,10239.0,34.58792330710253,0.24170226376658915
209,2090,137.40559135266386,-0.435314384151591,0.3429482123697664,35.05628637727112,0.24250100656246604,1228.9432145652447,17.002369465660625,10449.0,35.05628637727112,0.24250100656246604
210,2100,138.0362549150121,-1.0480454589987245,0.34543430311027656,34.89912353068824,0.24425893818372588,1217.9488232102376,17.048845714297187,10207.0,34.89912353068824,0.24425893818372588
211,2110,138.66691847736035,0.08385815039236597,0.3491500069806291,35.0317706871895,0.24688633758733322,1227.2249574798298,17.297731128319025,10067.0,35.0317706871895,0.24688633758733322
212,2120,139.29758203970857,-0.3158774373259005,0.34901240561048125,34.99186612603266,0.2467890387254012,1224.4306949821919,17.271218008903055,10052.0,34.99186612603266,0.2467890387254012
213,2130,139.92824560205682,-0.7212970376301046,0.34693846215129565,34.67996590002505,0.24532253924161349,1202.7000348269005,17.015554590813426,9992.0,34.67996590002505,0.24532253924161349
214,2140,140.55890916440507,-0.09283667621777045,0.3507055939549261,34.668449777929844,0.24798630368558414,1201.901410004844,17.194601429876265,9772.0,34.668449777929844,0.24798630368558414
215,2150,141.18957272675328,-0.22633163742082765,0.35379571459884573,34.72068298947185,0.25017134894758425,1205.5258272553995,17.372240199715225,9631.0,34.72068298947185,0.25017134894758425
216,2160,141.82023628910153,-0.4192598735358185,0.3547328718043913,34.84155856927736,0.25083401916266335,1213.9342035363848,17.47889633964635,9647.0,34.84155856927736,0.25083401916266335
217,2170,142.45089985144975,-0.8818536894331288,0.3560749331619858,34.656537458079384,0.25178299984938685,1201.0755885832596,17.45185393117574,9473.0,34.656537458079384,0.25178299984938685
218,2180,143.081563413798,0.37268553123331,0.36227151163166743,35.058075672091604,0.2561646425054533,1229.068669830101,17.96127884294095,9365.0,35.058075672091604,0.2561646425054533
219,2190,143.71222697614624,0.6669952850407197,0.3585768879561575,34.63934400167306,0.25355214905056783,1199.8841528662435,17.565760226652205,9332.0,34.63934400167306,0.25355214905056783
220,2200,144.34289053849446,-0.46738366988586916,0.3604911285712974,34.41132830378207,0.25490572157035596,1184.139515630673,17.543288942939963,9112.0,34.41132830378207,0.25490572157035596
221,2210,144.9735541008427,-0.3225799362707363,0.3650129794593294,34.82193214852592,0.25810315299679776,1212.5669585565429,17.97530096195019,9101.0,34.82193214852592,0.25810315299679776
222,2220,145.60421766319095,-0.18362442985871574,0.3682935518124969,34.91803575828122,0.26042286795389563,1219.2692212166057,18.186910030976552,8989.0,34.91803575828122,0.26042286795389563
223,2230,146.23488122553917,0.672964025601418,0.36439696414112893,34.68860052554596,0.2576675643879834,1203.2990064209075,17.876254418890298,9062.0,34.68860052554596,0.2576675643879834
224,2240,146.86554478788742,-0.3006325602041917,0.37011647586647545,35.13378288247879,0.261711869914052,1234.3826996331597,18.38985603065567,9011.0,35.13378288247879,0.261711869914052
225,2250,147.49620835023563,-0.1756294964028731,0.36892557609006077,34.796547154111956,0.26086977660643557,1210.7996938483368,18.154734965536974,8896.0,34.796547154111956,0.26086977660643557
226,2260,148.12687191258388,-0.24508009153318627,0.3709062391978564,34.675270302210244,0.2622703169212039,1202.3743705313436,18.188588262978183,8740.0,34.675270302210244,0.2622703169212039
227,2270,148.75753547493213,-0.43005900728913815,0.37556788108006167,34.91569574565248,0.26556659550757444,1219.1058094029745,18.54488489790246,8643.0,34.91569574565248,0.26556659550757444
228,2280,149.38819903728034,-0.36576869484440094,0.375724732588754,34.86757908336349,0.26567750627301023,1215.748071134607,18.527062921289964,8612.0,34.86757908336349,0.26567750627301023
229,2290,150.0188625996286,-0.8754830193207767,0.38066935566422594,34.74950383044858,0.26917388278008786,1207.5280164623607,18.707317741446758,8333.0,34.74950383044858,0.26917388278008786
230,2300,150.64952616197684,-0.6441471571906346,0.38180621910346463,34.93474745087769,0.26997776662725653,1220.4365794566052,18.863210188950404,8372.0,34.93474745087769,0.26997776662725653
231,2310,151.28018972432506,-0.19840116279069733,0.3836408786818022,34.85858220377979,0.27127506685626795,1215.1207532576732,18.91252843569015,8256.0,34.85858220377979,0.27127506685626795
232,2320,151.9108532866733,-0.12632751578165405,0.38506049174053764,34.610491377577624,0.2722788848767607,1197.8861133973749,18.847411994647153,8079.0,34.610491377577624,0.2722788848767607
233,2330,152.54151684902152,-0.14025688073394296,0.3843642766307183,34.75256766341254,0.27178658645144294,1207.7409592000672,18.89056347132339,8175.0,34.75256766341254,0.27178658645144294
234,2340,153.17218041136977,0.05812242862486148,0.38623386011236804,34.591118311888174,0.27310858160931184,1196.5454660670455,18.894262516879348,8021.0,34.591118311888174,0.27310858160931184
235,2350,153.802843973718,-0.23920118343194793,0.387346518372244,34.88700019769318,0.2738953498100133,1217.102782793844,19.110774245938355,8112.0,34.88700019769318,0.2738953498100133
236,2360,154.43350753606623,-0.12211170619740397,0.39270494414662116,34.77601288098981,0.2776843290115602,1209.371071898769,19.31350760511006,7842.0,34.77601288098981,0.2776843290115602
237,2370,155.06417109841448,-0.2974352430777037,0.3920314002764332,34.70529794652061,0.2772080615735237,1204.4577055567675,19.241176740173138,7837.0,34.70529794652061,0.2772080615735237
238,2380,155.69483466076272,-0.9498137922178015,0.3913976426916084,34.53848573988609,0.2767599272876657,1192.906997204315,19.117737603993906,7787.0,34.53848573988609,0.2767599272876657
239,2390,156.32549822311094,-0.2000520562207237,0.39245739261005036,34.40219809444916,0.27750928364135785,1183.5112337297217,19.093858697757348,7684.0,34.40219809444916,0.27750928364135785
240,2400,156.9561617854592,-0.422337258962086,0.3958350870913861,34.795232586750004,0.27989767431388674,1210.7082107660294,19.478209356484182,7727.0,34.795232586750004,0.27989767431388674
241,2410,157.5868253478074,-1.0355249204665946,0.39885672336785927,34.64318053372439,0.2820342938152602,1200.1499574922202,19.54112991468705,7544.0,34.64318053372439,0.2820342938152602
242,2420,158.21748891015565,-0.7740320153235789,0.4032951468813496,34.47878686838101,0.28517273317942704,1188.7867439152426,19.6648197759343,7309.0,34.47878686838101,0.28517273317942704
243,2430,158.8481524725039,0.33736097761910794,0.40628624854986134,34.67266935621371,0.28728776145245005,1202.1940002853212,19.922067125855197,7283.0,34.67266935621371,0.28728776145245005
244,2440,159.47881603485212,-0.7793260344092082,0.41312357616504886,34.64577564764346,0.2921224821743432,1200.3297702268449,20.24161995809004,7033.0,34.64577564764346,0.2921224821743432
245,2450,160.10947959720036,-0.8961896697713794,0.4098641451831237,34.501700590730664,0.2898177164242144,1190.3673436524243,19.99840815591506,7086.0,34.501700590730664,0.2898177164242144
246,2460,160.7401431595486,0.17079920926292402,0.4097502627773898,34.482377494980874,0.28973718940286214,1189.0343577063632,19.981654278648527,7082.0,34.482377494980874,0.28973718940286214
247,2470,161.37080672189683,-1.4138144911192572,0.4158642439854605,35.026534720197446,0.2940604269751361,1226.858134505197,20.599835510561377,7094.0,35.026534720197446,0.2940604269751361
248,2480,162.00147028424507,-0.9189743589743594,0.41798035273882833,35.02066787534528,0.29555674182437064,1226.447178435241,20.701188987500913,7020.0,35.02066787534528,0.29555674182437064
249,2490,162.6321338465933,0.025135366201196163,0.412524123687594,34.5585913937006,0.2916986052625358,1194.2962391167575,20.16138581876068,7018.0,34.5585913937006,0.2916986052625358
250,2500,163.26279740894154,0.12514188422247052,0.41512299556858867,34.850558259782034,0.29353628519302216,1214.5614110184615,20.459806816958825,7048.0,34.850558259782034,0.29353628519302216
251,2510,163.89346097128978,0.23141705241152638,0.42029328002419847,34.39478473461849,0.2971922283922473,1183.0012169407453,20.44372544070584,6697.0,34.39478473461849,0.2971922283922473
252,2520,164.524124533638,0.4503988183160967,0.427276714143526,35.15633219409674,0.3021302620139933,1235.967693341683,21.243583714506872,6770.0,35.15633219409674,0.3021302620139933
253,2530,165.15478809598625,-0.3685315734213255,0.4245070075780005,34.661718537199185,0.3001717837196132,1201.4347319520175,20.808939760196523,6667.0,34.661718537199185,0.3001717837196132
254,2540,165.7854516583345,0.09421638943994601,0.4260804567006218,34.49146956466519,0.3012843802640708,1189.661472730225,20.783482064374425,6553.0,34.49146956466519,0.3012843802640708
255,2550,166.4161152206827,-0.0942739349519,0.42864396496891194,34.68839522613093,0.3030970543442066,1203.284763364263,21.027900825935845,6549.0,34.68839522613093,0.3030970543442066
256,2560,167.04677878303096,-0.11080402010050054,0.4351553671197394,34.72528923448842,0.3077013109600894,1205.8457124188776,21.370034041840732,6368.0,34.72528923448842,0.3077013109600894
257,2570,167.6774423453792,-0.1883014623172123,0.43965275330575243,34.68244432179043,0.3108814432298338,1202.871944134093,21.564256690993126,6223.0,34.68244432179043,0.3108814432298338
258,2580,168.30810590772742,-0.1902256809338537,0.4286832883191855,34.36157954490252,0.303124860151844,1180.7181488206634,20.831697988290077,6425.0,34.36157954490252,0.303124860151844
259,2590,168.93876947007567,-0.23804034582132266,0.442278222752532,34.953972941596064,0.31273793047944975,1221.7802244018299,21.862866319578877,6246.0,34.953972941596064,0.31273793047944975
260,2600,169.5694330324239,-0.6608108108108078,0.44298264292550543,34.925466266568016,0.3132360307605639,1219.7881939371803,21.879828851603474,6216.0,34.925466266568016,0.3132360307605639
261,2610,170.20009659477213,-0.5711454102355754,0.44598178491888935,34.98896935479729,0.315356744401827,1224.2279765109438,22.06801493140833,6155.0,34.98896935479729,0.315356744401827
262,2620,170.83076015712038,-0.9554006968641104,0.449318573860221,34.88228832483218,0.3177162104896309,1216.7740387767235,22.165336919544753,6027.0,34.88228832483218,0.3177162104896309
263,2630,171.4614237194686,-0.566926780674088,0.4477953386917161,34.752495844576615,0.3166391205726392,1207.7359674273148,22.007999443862076,6023.0,34.752495844576615,0.3166391205726392
264,2640,172.09208728181684,-0.6615904102650708,0.4544795378596174,34.97721293818163,0.32136556313106374,1223.4054249229005,22.480943465267735,5923.0,34.97721293818163,0.32136556313106374
265,2650,172.7227508441651,-0.5209867963863798,0.4547799825564273,34.50338731292689,0.3215780096135496,1190.4837360658444,22.191061234032855,5756.0,34.50338731292689,0.3215780096135496
266,2660,173.3534144065133,-0.11012853470436763,0.4637928199796659,35.42782177202644,0.3279510480732535,1255.130555510471,23.237182562177,5835.0,35.42782177202644,0.3279510480732535
267,2670,173.98407796886156,-0.8185210780926058,0.4556553273045042,34.66575899959558,0.3221969718207907,1201.7148470180423,22.33840515107804,5788.0,34.66575899959558,0.3221969718207907
268,2680,174.61474153120977,-0.36163808190409535,0.4606374143279337,34.82004497718852,0.32571983933951926,1212.4355322134315,22.683158911529357,5714.0,34.82004497718852,0.32571983933951926
269,2690,175.24540509355802,0.1606969642536409,0.4610885430889181,34.40289119113803,0.32603883554559965,1183.5589223092827,22.433357166721223,5567.0,34.40289119113803,0.32603883554559965
270,2700,175.87606865590627,0.15263062737299185,0.4656753671234133,34.632599837065406,0.3292822099245006,1199.4169714743027,22.80779801955959,5531.0,34.632599837065406,0.3292822099245006
271,2710,176.50673221825448,-0.172972009270819,0.46724875592927967,34.993781335217705,0.3303947638185717,1224.5647321370307,23.12352423873599,5609.0,34.993781335217705,0.3303947638185717
272,2720,177.13739578060273,-0.5542252235809438,0.466221465836227,34.509837613009786,0.3296683600275284,1190.928892076305,22.753603141394503,5479.0,34.509837613009786,0.3296683600275284
273,2730,177.76805934295098,-0.7144211485870567,0.4737938521105854,35.08954501590699,0.33502284571189117,1231.2761694233632,23.511598451929338,5485.0,35.08954501590699,0.33502284571189117
274,2740,178.3987229052992,-1.0841386743308807,0.47189249734103994,35.20899940644908,0.3336783848609042,1239.6736392033315,23.496964109024926,5567.0,35.20899940644908,0.3336783848609042
275,2750,179.02938646764744,-0.6621657003927393,0.46928642302965623,34.31571733700633,0.33183561204304873,1177.568456353317,22.774354130443513,5347.0,34.31571733700633,0.33183561204304873
276,2760,179.66005002999566,-0.6683601045946942,0.4773299692900062,34.926726705549726,0.3375232581485299,1219.8762383641606,23.57716518824083,5354.0,34.926726705549726,0.3375232581485299
277,2770,180.2907135923439,-0.04765506807866355,0.4796851562975509,34.88205020383155,0.33918862685252715,1216.7574264226246,23.663189420877075,5288.0,34.88205020383155,0.33918862685252715
278,2780,180.92137715469215,-0.6631578947368385,0.4768257691922716,34.654442491890755,0.3371667348403468,1200.9303844237634,23.36865044540675,5282.0,34.654442491890755,0.3371667348403468
279,2790,181.55204071704037,-0.512860691763812,0.48233119904606914,34.891586904362114,0.3410596616233139,1217.4228367046537,23.80022564620439,5233.0,34.891586904362114,0.3410596616233139
280,2800,182.18270427938862,-0.9884271844660194,0.4901900405081415,35.17775320339367,0.34661670171341535,1237.4743204388735,24.38639357809769,5150.0,35.17775320339367,0.34661670171341535
281,2810,182.81336784173686,-0.17469244288225064,0.48018649610346004,34.36270395059803,0.3395431276289642,1180.7954227964456,23.33523994634844,5121.0,34.36270395059803,0.3395431276289642
282,2820,183.44403140408508,0.16654172420595792,0.48793241926796976,34.73928056281225,0.345020322425139,1206.8176140217847,23.971515561197695,5069.0,34.73928056281225,0.345020322425139
283,2830,184.07469496643333,0.4294866529774136,0.5001421959096081,34.902615841074386,0.3536539382852146,1218.1925925496166,24.686895097303747,4870.0,34.902615841074386,0.3536539382852146
284,2840,184.70535852878155,-0.43644189383070253,0.5012514848454004,35.012335485088215,0.3544383240140086,1225.8636361203676,24.819427018301734,4879.0,35.012335485088215,0.3544383240140086
285,2850,185.3360220911298,0.03338088445078586,0.49532466765317235,34.697484130333656,0.35024743138653114,1203.9154049747558,24.30540938444858,4907.0,34.697484130333656,0.35024743138653114
286,2860,185.96668565347804,-0.5573377428689529,0.5026695657793627,34.963550129264824,0.3554410586586848,1222.449837641614,24.854962544823767,4838.0,34.963550129264824,0.3554410586586848
287,2870,186.59734921582626,-1.024730290456428,0.5038934143583874,34.98341495655751,0.3563064502880586,1223.839322022692,24.92963280425037,4820.0,34.98341495655751,0.3563064502880586
288,2880,187.2280127781745,-1.263457884737175,0.5061481369130809,34.836084470032816,0.3579007798961767,1213.5527812032617,24.935723600707668,4737.0,34.836084470032816,0.3579007798961767
289,2890,187.85867634052275,-0.2911596353614536,0.5044127896197022,34.64328190890282,0.35667370405731474,1200.1569814197135,24.712695358300262,4717.0,34.64328190890282,0.35667370405731474
290,2900,188.48933990287097,-0.40109769484083024,0.5126221703554393,34.59724967182132,0.3624786128448967,1196.9696848543404,25.0815261385807,4555.0,34.59724967182132,0.3624786128448967
291,2910,189.1200034652192,-0.41829085457271425,0.5125437069625481,35.02215312730679,0.3624231308477084,1226.5512096725247,25.385676770852776,4669.0,35.02215312730679,0.3624231308477084
292,2920,189.75066702756743,-1.457525681107635,0.5218897933986651,34.9237481808536,0.3690318119442425,1219.668186999675,25.77594814212969,4478.0,34.9237481808536,0.3690318119442425
293,2930,190.38133058991568,-0.9634956759217129,0.5294356815048734,35.09483732541337,0.37436756059421716,1231.6476068972277,26.27673727793177,4394.0,35.09483732541337,0.37436756059421716
294,2940,191.01199415226392,-0.6288566243194232,0.5230008020938821,34.723472324519044,0.3698174137265875,1205.7195302716402,25.68268946132074,4408.0,34.723472324519044,0.3698174137265875
295,2950,191.64265771461214,-0.03790789169173898,0.5259220431954793,34.571124578717416,0.3718830431190078,1195.1626546371997,25.71283002475952,4321.0,34.571124578717416,0.3718830431190078
296,2960,192.2733212769604,0.34731134206959097,0.5210730744848453,34.66604824992853,0.36845430446195715,1201.7349012663728,25.54570939274413,4426.0,34.66604824992853,0.36845430446195715
297,2970,192.90398483930863,-0.4398005439709918,0.5174574146791686,34.37101570423041,0.36589764689489945,1181.3667205404531,25.152547535131085,4412.0,34.37101570423041,0.36589764689489945
298,2980,193.53464840165685,-0.25392633773453316,0.5255856923936775,34.533019874480715,0.3716452071861962,1192.52946165128,25.66806265203283,4317.0,34.533019874480715,0.3716452071861962
299,2990,194.1653119640051,0.3009222038306877,0.5388284013359754,35.04042150001752,0.38100921648057473,1227.8311388988902,26.701447081741524,4229.0,35.04042150001752,0.38100921648057473
300,3000,194.79597552635335,0.1879706369879244,0.5344507124305349,34.73107301604615,0.37791372296961273,1206.2474328459293,26.250698212446917,4223.0,34.73107301604615,0.37791372296961273
301,3010,195.42663908870156,0.15862749938286827,0.5513854837022242,35.09428913774515,0.3898884145736673,1231.6091300836572,27.36571350501066,4051.0,35.09428913774515,0.3898884145736673
302,3020,196.0573026510498,-0.16873630387143593,0.5446964432911316,34.907350835845094,0.38515854873935296,1218.523142376775,26.88972917653907,4107.0,34.907350835845094,0.38515854873935296
303,3030,196.68796621339803,-0.9265632816408148,0.5571107135842225,35.225965480975894,0.3939367634470801,1240.8686440669053,27.75360566174842,3998.0,35.225965480975894,0.3939367634470801
304,3040,197.31862977574627,-0.3400392541707575,0.5502890261750343,35.132409798527185,0.38911310202090826,1234.2862182516487,27.34096191634933,4076.0,35.132409798527185,0.38911310202090826
305,3050,197.94929333809452,0.03560236321603387,0.5645113296714338,35.22206907448238,0.3991697892673055,1240.5941498876077,28.119171780039217,3893.0,35.22206907448238,0.3991697892673055
306,3060,198.57995690044274,-0.6730903644533229,0.5533065958813141,35.02041754915761,0.39124684602292187,1226.4296453173458,27.403255825027394,4006.0,35.02041754915761,0.39124684602292187
307,3070,199.21062046279098,-0.8545639979602233,0.5515278651920668,34.53991417793008,0.3899890934906504,1193.0056714187754,26.940379638991633,3922.0,34.53991417793008,0.3899890934906504
308,3080,199.84128402513923,-0.33949191685912367,0.5528600891722639,34.512819678254324,0.39093111810110714,1191.134722143699,26.98427037128371,3897.0,34.512819678254324,0.39093111810110714
309,3090,200.47194758748745,0.12295839753466975,0.5586293440490654,34.859545339308305,0.39501059734688704,1215.1879012632915,27.539779655442132,3894.0,34.859545339308305,0.39501059734688704
310,3100,201.1026111498357,-0.31261425959781125,0.5647192203455674,34.944212079860726,0.3993167901727308,1221.0979578822844,27.9076212056903,3829.0,34.944212079860726,0.3993167901727308
311,3110,201.7332747121839,0.28213740458015796,0.5473344621915993,34.312239843313776,0.38702390979277185,1177.3298030650892,26.55931443581325,3930.0,34.312239843313776,0.38702390979277185
312,3120,202.36393827453216,-0.17495235502313874,0.5719713748754788,34.664485496764854,0.4044448378190439,1201.6265547554208,28.039744429639317,3673.0,34.664485496764854,0.4044448378190439
313,3130,202.9946018368804,0.2252365930599355,0.5651023998274218,34.85358098666285,0.3995877389827617,1214.772107593866,27.85412724382636,3804.0,34.85358098666285,0.3995877389827617
314,3140,203.62526539922862,0.016976556184315504,0.5699977602843336,34.72311081703222,0.40304928155819636,1205.6944248119,27.990249736540946,3711.0,34.72311081703222,0.40304928155819636
315,3150,204.25592896157687,-0.27692307692307594,0.578711277720748,34.91504753510581,0.40921066882547236,1219.0605443786985,28.575219907827616,3640.0,34.91504753510581,0.40921066882547236
316,3160,204.88659252392512,0.03486441615938513,0.5796933674099277,34.84916731274491,0.40990511110442474,1214.4644623916881,28.569703598454776,3614.0,34.84916731274491,0.40990511110442474
317,3170,205.51725608627333,-0.2562946673996663,0.583715713922764,35.20730092135943,0.4127493395999332,1239.5540381671567,29.063580408774452,3638.0,35.20730092135943,0.4127493395999332
318,3180,206.14791964862158,0.1699831365935889,0.5750179367226499,34.29922947870356,0.40659908236048276,1176.4371428327674,27.892070463424975,3558.0,34.29922947870356,0.40659908236048276
319,3190,206.7785832109698,-0.19449901768173009,0.5780833082571893,34.50629578947165,0.4087666273594119,1190.6844491105091,28.210044305057203,3563.0,34.50629578947165,0.4087666273594119
320,3200,207.40924677331805,-1.5854787387908644,0.5882707076186381,34.588116525093625,0.41597020653054784,1196.3378047534545,28.7752519488917,3457.0,34.588116525093625,0.41597020653054784
321,3210,208.0399103356663,-0.9189743589743594,0.5849776452898792,34.657148579564506,0.4136416598270124,1201.11794766601,28.671280926644894,3510.0,34.657148579564506,0.4136416598270124
322,3220,208.6705738980145,-0.20229357798165085,0.5799549453026911,34.251728601206295,0.41009007460620606,1173.1809121706933,28.092587874920422,3488.0,34.251728601206295,0.41009007460620606
323,3230,209.30123746036276,-0.5043079743354711,0.6118417694259074,35.003552651337536,0.4326374641742351,1225.2486982149594,30.287696512327994,3273.0,35.003552651337536,0.4326374641742351
324,3240,209.931901022711,-1.2806557377049133,0.5969418232459192,34.57628027768811,0.4221016111910509,1195.5191578412441,29.189407228411017,3355.0,34.57628027768811,0.4221016111910509
325,3250,210.56256458505922,-0.7020970641102512,0.5946301356785857,34.3550101758435,0.4204670012362048,1180.2667241823108,28.890296212152435,3338.0,34.3550101758435,0.4204670012362048
326,3260,211.19322814740747,-0.596657381615601,0.6073527253578188,34.52307435501089,0.4294632306726444,1191.8426629216108,29.652782090509795,3231.0,34.52307435501089,0.4294632306726444
327,3270,211.82389170975569,0.6627350972266459,0.6234927378307638,34.921159774248615,0.4408759429406993,1219.4873999785996,30.79179848810935,3137.0,34.921159774248615,0.4408759429406993
328,3280,212.45455527210393,-0.7648310387984978,0.6121846128932282,34.608740526654366,0.43287989111486325,1197.7649208412884,29.962855661601395,3196.0,34.608740526654366,0.43287989111486325
329,3290,213.08521883445218,-0.10451612903225733,0.6134082596086932,34.996540551493375,0.4337451400051452,1224.7578505723202,30.359158762406473,3255.0,34.996540551493375,0.4337451400051452
330,3300,213.7158823968004,-0.44414099714194816,0.6094696080504,34.20096689684012,0.4309600927795451,1169.7061366787536,29.47850373402474,3149.0,34.20096689684012,0.4309600927795451
331,3310,214.34654595914864,-1.2057034220532354,0.6216750885079435,34.924641928856055,0.439590670778714,1219.7306138588103,30.705093544424468,3156.0,34.924641928856055,0.439590670778714
332,3320,214.9772095214969,-0.349429037520391,0.6354630999888078,35.180789106929325,0.449340267195911,1237.6879221862368,31.616290354941235,3065.0,35.180789106929325,0.449340267195911
333,3330,215.6078730838451,-0.6995583596214512,0.6327771960231455,35.62709819769101,0.44744104628817544,1269.2901259879184,31.882052187572874,3170.0,35.62709819769101,0.44744104628817544
334,3340,216.23853664619335,-0.9879069767441875,0.6332908212251868,34.744530006703144,0.4478042341515271,1207.1823653866952,31.117495301212912,3010.0,34.744530006703144,0.4478042341515271
335,3350,216.86920020854157,-0.49428191489361556,0.6250678845731068,34.28199614749255,0.441989739883574,1175.2552598566938,30.30458111983983,3008.0,34.28199614749255,0.441989739883574
336,3360,217.49986377088982,0.4766655507197834,0.6442615432744849,35.2111184181561,0.4555617061070986,1239.8228602574113,32.08167436102855,2987.0,35.2111184181561,0.4555617061070986
337,3370,218.13052733323806,-0.9072678331090138,0.6316330967385736,34.434143177340786,0.44663204592570394,1185.710216357605,30.75878363398867,2972.0,34.434143177340786,0.44663204592570394
338,3380,218.76119089558628,-0.6186928547240119,0.6426087333869628,34.92033063155339,0.45439299302761965,1219.429491417006,31.735107106371224,2953.0,34.92033063155339,0.45439299302761965
339,3390,219.39185445793453,-1.0158415841584103,0.6623139033105807,35.22115344554051,0.46832665230504295,1240.52965003431,32.990009766944425,2828.0,35.22115344554051,0.46832665230504295
340,3400,220.02251802028277,0.817591925018023,0.6630073031422976,34.91978335373149,0.4688169600281237,1219.3912694715427,32.74197335347415,2774.0,34.91978335373149,0.4688169600281237
341,3410,220.653181582631,-0.574165769644776,0.6569795847353027,34.68329570633753,0.4645547194674545,1202.9310010532515,32.2245774141288,2787.0,34.68329570633753,0.4645547194674545
342,3420,221.28384514497924,-0.46768558951965106,0.664961211005215,34.85817747050041,0.4701985815278061,1215.0925365649023,32.780531202547635,2748.0,34.85817747050041,0.4701985815278061
343,3430,221.91450870732749,-0.48981858570899756,0.6638147124747187,34.499211233255906,0.46938788464227194,1190.1955757168103,32.38702356520979,2701.0,34.499211233255906,0.46938788464227194
344,3440,222.5451722696757,-1.1099889421304832,0.6492058503095628,33.81483882076963,0.4590578591398706,1143.443324474629,31.04593503244459,2713.0,33.81483882076963,0.4590578591398706
345,3450,223.17583583202395,0.17836660617060235,0.6658248440855411,34.94787692935337,0.47080926233536186,1221.3541018692292,32.90756831459174,2755.0,34.94787692935337,0.47080926233536186
346,3460,223.80649939437217,-0.8773052314640603,0.6777869137503578,34.93726923929418,0.4792677229123796,1220.6127818989314,33.4886109461865,2657.0,34.93726923929418,0.4792677229123796
347,3470,224.4371629567204,-1.1592760180995434,0.6674206527649713,34.370543626179504,0.47193766947406324,1181.3342691591085,32.44150851499155,2652.0,34.370543626179504,0.47193766947406324
348,3480,225.06782651906866,-0.6199922510654733,0.6899589082093699,35.052357188070516,0.48787462273491217,1228.6677444400789,34.20231107819858,2581.0,35.052357188070516,0.48787462273491217
349,3490,225.69849008141688,-1.7236994219653197,0.6882209011675542,35.058759003222995,0.48664566616989424,1229.1165828460696,34.12238626042647,2595.0,35.058759003222995,0.48664566616989424
350,3500,226.32915364376512,-0.1726027397260225,0.6893273001035036,34.84343243190463,0.4874280083602018,1214.0647836367039,33.96732974943308,2555.0,34.84343243190463,0.4874280083602018
351,3510,226.95981720611337,0.5051546391752559,0.6770832955240853,34.6505273494451,0.47877018969321594,1200.6590455946427,33.179279104127595,2619.0,34.6505273494451,0.47877018969321594
352,3520,227.5904807684616,0.6456521739130388,0.6762258957466347,34.321378852164436,0.4781639164963928,1177.9570463138002,32.82248986301483,2576.0,34.321378852164436,0.4781639164963928
353,3530,228.22114433080984,-0.7399920095884953,0.7019867771065137,35.120392144545775,0.49637961039530526,1233.4419443866727,34.86609313927994,2503.0,35.120392144545775,0.49637961039530526
354,3540,228.85180789315805,0.01022727272727142,0.6927420057102754,34.386808846934606,0.4898425698505057,1182.4526226756204,33.68824562908111,2464.0,34.386808846934606,0.4898425698505057
355,3550,229.4824714555063,-0.9884310618066615,0.6953957935615368,34.93628603172599,0.49171908123596314,1220.5440816905727,34.357676938634235,2524.0,34.93628603172599,0.49171908123596314
356,3560,230.11313501785455,1.6645398773006133,0.6891340834982205,34.07557254721026,0.4872913835883682,1161.1446444201895,33.20946578619181,2445.0,34.07557254721026,0.4872913835883682
357,3570,230.74379858020276,-1.1604584527220578,0.6954584997339419,34.37422796535056,0.4917634211956931,1181.5875482138886,33.80797589040292,2443.0,34.37422796535056,0.4917634211956931
358,3580,231.374462142551,-0.4423791821561382,0.7029301447977824,34.58673472409342,0.4970466720869537,1196.2422188748092,34.382442785929825,2421.0,34.58673472409342,0.4970466720869537
359,3590,232.00512570489926,-0.010570469798662075,0.706404778997766,34.49107688822522,0.49950360949190475,1189.6343849094642,34.45683480186263,2384.0,34.49107688822522,0.49950360949190475
360,3600,232.63578926724747,-0.15622060709705446,0.717140973856126,34.683238913927404,0.5070952456803912,1202.9270615605683,35.17541111609945,2339.0,34.683238913927404,0.5070952456803912
361,3610,233.26645282959572,0.396765957446806,0.715253270147398,34.673188706447014,0.5057604375870788,1202.230015072885,35.072654185424,2350.0,34.673188706447014,0.5057604375870788
362,3620,233.89711639194394,0.17618403247631437,0.7527940422548662,35.445329662885804,0.5323057721152483,1256.3713949106523,37.73550714816388,2217.0,35.445329662885804,0.5323057721152483
363,3630,234.52777995429219,0.19643652561246866,0.7450111130860227,35.29969262055492,0.5268024101224645,1246.0682991056594,37.19192629818101,2245.0,35.29969262055492,0.5268024101224645
364,3640,235.15844351664043,-0.6432087511394685,0.7513436942776318,35.193054132400704,0.5312802212254656,1238.5510591660861,37.39474717012326,2194.0,35.193054132400704,0.5312802212254656
365,3650,235.78910707898865,0.12693823915899607,0.7250526307253615,34.6435579501528,0.5126896319030488,1200.176107445595,35.52278594655156,2283.0,34.6435579501528,0.5126896319030488
366,3660,236.4197706413369,0.34618403837766676,0.7112826147597939,34.059966864788656,0.502952760236749,1160.0813428305012,34.26110869643532,2293.0,34.059966864788656,0.502952760236749
367,3670,237.05043420368514,0.6380501656412656,0.7641033288791781,35.123827877846146,0.5403026453776816,1233.6832847925623,37.95499423638127,2113.0,35.123827877846146,0.5403026453776816
368,3680,237.68109776603336,0.07032558139535254,0.7719354513870174,35.79317439655734,0.5458407923140585,1281.1513333823682,39.07474934410426,2150.0,35.79317439655734,0.5458407923140585
369,3690,238.3117613283816,-0.05218591808559409,0.7471877985104489,34.83049402988426,0.5283415591465862,1213.1633143658028,36.80479504318982,2173.0,34.83049402988426,0.5283415591465862
370,3700,238.94242489072982,0.9793991416308984,0.7420620318183344,33.98125594886313,0.5247170947598118,1154.725755862146,35.661091795554064,2097.0,33.98125594886313,0.5247170947598118
371,3710,239.57308845307807,0.14047503635482136,0.7622225091050053,34.6203443864442,0.5389727049611742,1198.5682454359985,37.31884132129847,2063.0,34.6203443864442,0.5389727049611742
372,3720,240.20375201542632,-0.2802707930367546,0.7569601226323623,34.42296444475088,0.5352516358011441,1184.9404811645834,36.849896056355064,2068.0,34.42296444475088,0.5352516358011441
373,3730,240.83441557777454,0.550985103315712,0.7783402159157051,35.50630755587042,0.5503696447441966,1260.697876252061,39.08318775140518,2081.0,35.50630755587042,0.5503696447441966
374,3740,241.46507914012278,0.1053615346778164,0.7845674013429895,35.37520364237408,0.5547729297875356,1251.4050327394364,39.250410733021134,2033.0,35.37520364237408,0.5547729297875356
375,3750,242.09574270247103,-0.5875000000000007,0.782714054775215,35.143773897377606,0.5534624158615734,1235.0848437499994,38.901516007471024,2016.0,35.143773897377606,0.5534624158615734
376,3760,242.72640626481925,-0.9761929194458734,0.7884286406553943,34.80713773092718,0.5575032382891211,1211.5368370197343,38.8101840011347,1949.0,34.80713773092718,0.5575032382891211
377,3770,243.3570698271675,-1.1617931737137066,0.7939113022700841,35.174840312033986,0.5613800654958194,1237.269390977091,39.49290831634925,1963.0,35.174840312033986,0.5613800654958194
378,3780,243.9877333895157,-0.15460122699386414,0.7924021315415305,35.04532245632751,0.560312920639691,1228.1746260679736,39.27269396052923,1956.0,35.04532245632751,0.560312920639691
379,3790,244.61839695186396,-1.402913631633719,0.7915324201819744,34.70127239405977,0.5596979418396738,1204.1783057667349,38.84446147634629,1922.0,34.70127239405977,0.5596979418396738
380,3800,245.2490605142122,-1.3854771784232316,0.7972142127183472,35.00487631532411,0.5637155758714381,1225.341365851139,39.46558802080279,1928.0,35.00487631532411,0.5637155758714381
381,3810,245.87972407656042,0.5233644859813121,0.8000235691202583,35.11000757150143,0.5657020908339992,1232.7126316708875,39.7236093847918,1926.0,35.11000757150143,0.5657020908339992
382,3820,246.51038763890867,-0.10632911392405493,0.8060576003741885,35.098232281831606,0.5699687952515449,1231.8859093094063,40.00979433826888,1896.0,35.098232281831606,0.5699687952515449
383,3830,247.14105120125691,-0.331045576407503,0.8221209157562832,35.503822642515075,0.5813272744865623,1260.5214222311663,41.27868090125518,1865.0,35.503822642515075,0.5813272744865623
384,3840,247.77171476360513,-0.6174474959612279,0.8066195859710582,34.759595589832884,0.5703661790780207,1208.2294855687296,39.6513954457404,1857.0,34.759595589832884,0.5703661790780207
385,3850,248.40237832595338,-0.2942965779467704,0.8000287869509438,34.32673588281175,0.56570578039746,1178.3247963683157,38.83766582216703,1841.0,34.32673588281175,0.56570578039746
386,3860,249.03304188830163,0.5986584684181053,0.8196889696110976,34.67003349216528,0.5796076288758211,1202.0112223478623,40.19003181087844,1789.0,34.67003349216528,0.5796076288758211
387,3870,249.66370545064984,0.21550741163055578,0.8241256547626271,34.515027862450395,0.5827448390324572,1191.2871483457272,40.22690871180887,1754.0,34.515027862450395,0.5827448390324572
388,3880,250.2943690129981,-1.1618002195389643,0.8214734235096243,35.064504314768776,0.580869428328184,1229.519462840438,40.73579715186176,1822.0,35.064504314768776,0.580869428328184
389,3890,250.9250325753463,0.15732122587968042,0.8285782323397382,34.78055211009403,0.5858932868309915,1209.686805082966,40.755383987159135,1762.0,34.78055211009403,0.5858932868309915
390,3900,251.55569613769455,-0.6153488372093011,0.8450780560989891,35.047823098561764,0.5975604240995408,1228.3499039480794,41.8863840690845,1720.0,35.047823098561764,0.5975604240995408
391,3910,252.1863597000428,-0.22643478260869845,0.8749512029263463,36.339452705584314,0.6186839287965464,1320.555822941399,44.96527074041438,1725.0,36.339452705584314,0.6186839287965464
392,3920,252.81702326239102,1.1522123893805318,0.8328592170385556,34.28912853680154,0.5889204001416811,1175.744335813298,40.3871345968054,1695.0,34.28912853680154,0.5889204001416811
393,3930,253.44768682473926,-0.49033018867924466,0.8665644307804327,35.687307490601064,0.6127535853399045,1273.583915928711,43.735051231986866,1696.0,35.687307490601064,0.6127535853399045
394,3940,254.0783503870875,0.043648960739027305,0.8359399356732025,34.78956650670351,0.5910987971791679,1210.3139377243467,41.12814183299422,1732.0,34.78956650670351,0.5910987971791679
395,3950,254.70901394943573,0.2326384752829023,0.847919343516557,34.74400596953283,0.5995695176998032,1207.1459508109328,41.662893804223756,1679.0,34.74400596953283,0.5995695176998032
396,3960,255.33967751178398,0.4973684210526345,0.8583434318589401,35.097745845135414,0.6069404612543898,1231.8517634097204,42.60448410447167,1672.0,35.097745845135414,0.6069404612543898
397,3970,255.9703410741322,-0.18021454112038685,0.8322959417421923,34.09367016216936,0.5885221043599479,1162.378345126797,40.12975701838775,1678.0,34.09367016216936,0.5885221043599479
398,3980,256.6010046364804,-1.2404953560371526,0.8474751822859244,34.05753819808113,0.5992554482816825,1159.9159081137554,40.81833064052328,1615.0,34.05753819808113,0.5992554482816825
399,3990,257.2316681988287,-1.0745420088439668,0.8594672893927097,34.19556705322446,0.6077351485376059,1169.33680609157,41.56369604483805,1583.0,34.19556705322446,0.6077351485376059
400,4000,257.8623317611769,-0.3375000000000016,0.8552233319692836,33.86511617800832,0.6047342174644342,1146.8460937500008,40.958789062500024,1568.0,33.86511617800832,0.6047342174644342
401,4010,258.4929953235251,0.27391304347825646,0.8764410568582915,34.660999992696674,0.6197374146148024,1201.3849204937187,42.961437046875034,1564.0,34.660999992696674,0.6197374146148024
402,4020,259.1236588858734,-0.8002490660024882,0.875037865853566,35.06708106307348,0.6187452087400611,1229.700174284167,43.39517678455209,1606.0,35.06708106307348,0.6187452087400611
403,4030,259.7543224482216,-0.2588469184890675,0.9078136636320809,35.26479267834345,0.641921197608048,1243.6056026465455,45.274435898963496,1509.0,35.26479267834345,0.641921197608048
404,4040,260.38498601056983,1.5140186915887808,0.8991888232511385,34.80220867574256,0.635822514488032,1211.193728709931,44.25605565989568,1498.0,34.80220867574256,0.635822514488032
405,4050,261.01564957291805,-1.6844919786096268,0.8979014608101541,34.72917565756799,0.634912211776167,1206.115641854213,44.09995545981902,1496.0,34.72917565756799,0.634912211776167
406,4060,261.6463131352663,-0.3686170212765905,0.8966331896069675,34.77272522198922,0.6340154086080102,1209.1424193639652,44.092887180067116,1504.0,34.77272522198922,0.6340154086080102
407,4070,262.27697669761454,1.6560975609756068,0.9204680339589473,35.363227068148184,0.650869188677821,1250.5578286734087,46.03366982175034,1476.0,35.363227068148184,0.650869188677821
408,4080,262.9076402599628,1.613148788927335,0.9040513320827428,34.36584397266624,0.6392608274564389,1181.0112319536406,43.937475708410986,1445.0,34.36584397266624,0.6392608274564389
409,4090,263.53830382231104,0.2698795180722925,0.903524826874606,34.92330921449895,0.6388885320534353,1219.6375264915075,44.6242035169989,1494.0,34.92330921449895,0.6388885320534353
410,4100,264.16896738465925,-0.15669348939283,0.9564122351686717,35.36139427418435,0.6762855770975509,1250.4282050143174,47.828801867381586,1367.0,35.36139427418435,0.6762855770975509
411,4110,264.79963094700753,-0.674218207088251,0.9405709807914266,35.679763941148714,0.6650841187048997,1273.0455548960958,47.4600887127955,1439.0,35.679763941148714,0.6650841187048997
412,4120,265.43029450935575,-1.1362045760430723,0.8916376321117067,34.371445316696935,0.6304830160273038,1181.3962531586876,43.34122501697726,1486.0,34.371445316696935,0.6304830160273038
413,4130,266.06095807170396,-0.7146268656716366,0.9178242870960766,33.59788543134499,0.6489997773433444,1128.817905457784,43.61004032830019,1340.0,33.59788543134499,0.6489997773433444
414,4140,266.69162163405224,-0.1650655021834023,0.9557273127177011,35.42642788486158,0.6758012637878825,1255.031792681298,47.88244947215947,1374.0,35.42642788486158,0.6758012637878825
415,4150,267.32228519640046,0.009019327129565368,0.9253055700426124,34.58464957085414,0.6542898432468152,1196.0979859387814,45.25676989292037,1397.0,34.58464957085414,0.6542898432468152
416,4160,267.9529487587487,-0.19384615384615314,0.9545113923779722,35.2652885641787,0.6749414782702777,1243.6405775147928,47.60401199026938,1365.0,35.2652885641787,0.6749414782702777
417,4170,268.5836123210969,-0.964948453608244,0.9413770421579464,34.6907339041966,0.6656540901632182,1203.4470188117755,46.184057828184585,1358.0,34.6907339041966,0.6656540901632182
418,4180,269.21427588344517,0.0,0.9706823931891175,35.15961166854559,0.6863761026024118,1236.1982926829269,48.2654344521412,1312.0,35.15961166854559,0.6863761026024118
419,4190,269.8449394457934,0.29393468118196037,0.9909518153991791,35.53636663433118,0.7007087484978793,1262.8333535696063,49.80128598100799,1286.0,35.53636663433118,0.7007087484978793
420,4200,270.4756030081416,0.44751381215469477,1.0064069597271679,35.822998830361556,0.711637185856417,1283.2872452000852,50.98595615315243,1267.0,35.822998830361556,0.711637185856417
421,4210,271.1062665704899,-0.7505957108816496,0.9983158561688227,35.42263255018908,0.7059159116630286,1254.762896785715,50.01079990034239,1259.0,35.42263255018908,0.7059159116630286
422,4220,271.7369301328381,0.7881235154394316,0.9759430887110393,34.68375966305832,0.6900959760797202,1202.9631843647912,47.87024595758531,1263.0,34.68375966305832,0.6900959760797202
423,4230,272.3675936951863,-0.7447773279352177,0.9941315764931667,34.9363353166195,0.7029571791299912,1220.5475253552747,49.117495446620666,1235.0,34.9363353166195,0.7029571791299912
424,4240,272.9982572575346,-0.7964343598055056,0.9935941867463421,34.903310579272826,0.7025771871958715,1218.2410893931785,49.04453954121881,1234.0,34.903310579272826,0.7025771871958715
425,4250,273.6289208198828,-0.04151565074135579,1.0151185113025596,35.36926955246316,0.7177971830500328,1250.9852286747973,50.77592410259069,1214.0,35.36926955246316,0.7177971830500328
426,4260,274.259584382231,-1.0151658767772518,0.9929580515333102,35.33033492913295,0.702127371672985,1248.2325662047122,49.61279040823675,1266.0,35.33033492913295,0.702127371672985
427,4270,274.8902479445793,1.4112812248186946,0.9751964205778523,34.35405363063358,0.6895680019794477,1180.2010008564482,47.37891224394158,1241.0,34.35405363063358,0.6895680019794477
428,4280,275.5209115069275,-1.8363942712721193,1.0115921687422569,34.85224979433331,0.7153036823128561,1214.6793157266063,49.8598852295482,1187.0,34.85224979433331,0.7153036823128561
429,4290,276.15157506927574,-0.7511335012594479,1.0223593270819815,35.282507635693676,0.7229172129889846,1244.8553450627824,51.01266417451647,1191.0,35.282507635693676,0.7229172129889846
430,4300,276.782238631624,-2.64313395113732,1.0339009514701194,35.62085130417466,0.7310783738597451,1268.8450476341213,52.08326809391157,1187.0,35.62085130417466,0.7310783738597451
431,4310,277.41290219397223,0.17924686192468203,0.9964300224137832,34.445362293539624,0.7045824258266498,1186.4829835332014,48.539193846519915,1195.0,34.445362293539624,0.7045824258266498
432,4320,278.04356575632045,-0.3941018766755988,1.0377534006727231,34.71436364043175,0.7338024668150829,1205.08704296013,50.94697134652928,1119.0,34.71436364043175,0.7338024668150829
433,4330,278.6742293186687,1.0007220216606527,1.0470131921491657,34.85154487227359,0.7403501281604488,1214.6301799840996,51.60469142555477,1108.0,34.85154487227359,0.7403501281604488
434,4340,279.30489288101694,0.756657963446472,1.0017513818212191,33.956268932214115,0.7083451951487785,1153.0281997968495,48.10551988662722,1149.0,33.956268932214115,0.7083451951487785
435,4350,279.93555644336516,-0.03384064458370428,1.0157826870182183,33.94903179641104,0.7182668262024745,1152.536759913728,48.7689266421101,1117.0,33.94903179641104,0.7182668262024745
436,4360,280.5662200057134,-1.1366602687140122,1.0891996316231403,35.1593911025797,0.7701804455866121,1236.1827827041602,54.15815101187759,1042.0,35.1593911025797,0.7701804455866121
437,4370,281.19688356806165,-0.19314697926060057,1.0553892726338865,35.14620587091683,0.7462729114709591,1235.2557871208685,52.45732276489364,1109.0,35.14620587091683,0.7462729114709591
438,4380,281.82754713040987,-0.2295081967213136,1.05434200249104,34.936764159293055,0.7455323796512181,1220.577489922064,52.09297784198228,1098.0,34.936764159293055,0.7455323796512181
439,4390,282.4582106927581,0.9201557935735122,1.1010145290982987,35.28403724213342,0.7785348397103204,1244.9632841042585,54.939704557274645,1027.0,35.28403724213342,0.7785348397103204
440,4400,283.08887425510636,-0.21038961038961546,1.0863026235702302,35.66647661871943,0.7681319515472473,1272.0975543936597,54.79312057990244,1078.0,35.66647661871943,0.7681319515472473
441,4410,283.7195378174546,0.3566037735849042,1.0639277514894747,34.63897798741782,0.7523105277707633,1199.8587960128161,52.118535622308315,1060.0,34.63897798741782,0.7523105277707633
442,4420,284.3502013798028,-0.43126734505088143,1.0539213843850843,34.65142215704531,0.7452349577362071,1200.7210575057707,51.64690225341026,1081.0,34.65142215704531,0.7452349577362071
443,4430,284.9808649421511,-0.011943127962081234,1.0697602488290059,34.74662968437809,0.7564347261907985,1207.328274423305,52.56711462271123,1055.0,34.74662968437809,0.7564347261907985
444,4440,285.6115285044993,0.6269268292682932,1.0872224785995601,34.808103021013295,0.768782387276195,1211.604035921475,53.51971307410067,1025.0,34.808103021013295,0.768782387276195
445,4450,286.2421920668475,0.5223458038422683,1.1311710686521221,35.573486738067615,0.7998587333259493,1265.4729587034724,56.90752808459643,989.0,35.573486738067615,0.7998587333259493
446,4460,286.8728556291958,0.9730693069306939,1.1116261962553358,35.328033177677995,0.7860384215167557,1248.0699282031173,55.538382868547174,1010.0,35.328033177677995,0.7860384215167557
447,4470,287.503519191544,0.6441717791410987,1.104031785282863,34.52637668349719,0.7806683620190027,1192.0706868907384,53.90729986391367,978.0,34.52637668349719,0.7806683620190027
448,4480,288.1341827538922,-1.725311203319507,1.1497562470815061,35.698033675619214,0.8130004390229287,1274.3496083056436,58.04503410106743,964.0,35.698033675619214,0.8130004390229287
449,4490,288.7648463162405,-1.6953713670613517,1.1515098784384004,35.09744684633333,0.8142404436470898,1231.8307751311931,57.1555213820772,929.0,35.09744684633333,0.8142404436470898
450,4500,289.3955098785887,-0.2131078224101504,1.1164135981579701,34.33765919156133,0.789423625866374,1179.074838755816,54.21391884553233,946.0,34.33765919156133,0.789423625866374
451,4510,290.02617344093693,-0.20912863070539345,1.0806525994935756,33.552479481011574,0.7641367812087777,1125.7688793237025,51.27736734438748,964.0,33.552479481011574,0.7641367812087777
452,4520,290.65683700328515,0.6319344933469809,1.123601703244417,35.12041755760428,0.794506383716882,1233.4437294204788,55.80679189663813,977.0,35.12041755760428,0.794506383716882
453,4530,291.2875005656334,-1.2071044133476896,1.1335003851996535,34.5485264736019,0.8015058088522387,1193.6006814971715,55.381689311754556,929.0,34.5485264736019,0.8015058088522387
454,4540,291.91816412798164,0.3034554973822022,1.1078359931909547,34.235537988440704,0.783358343227858,1172.0720613579667,53.63738863627861,955.0,34.235537988440704,0.783358343227858
455,4550,292.54882769032986,0.7692631578947381,1.1218514092650766,34.577782682620594,0.7932687389750206,1195.6230552465368,54.858948130389486,950.0,34.577782682620594,0.7932687389750206
456,4560,293.17949125267813,-0.5112171837708811,1.2032980915252707,34.83334949360002,0.85086024030635,1213.3622369432849,59.27662424159917,838.0,34.83334949360002,0.85086024030635
457,4570,293.81015481502635,0.23013698630136706,1.1502990064030973,34.04574153135148,0.813384227819778,1159.1125164195907,55.38453837206014,876.0,34.04574153135148,0.813384227819778
458,4580,294.44081837737457,-0.5412887828162264,1.2189623344610263,35.28680159543307,0.8619365327083762,1245.1583668354579,60.82996683507195,838.0,35.28680159543307,0.8619365327083762
459,4590,295.07148193972284,-2.307436182019982,1.1772544454698843,35.33724882429478,0.8324446015737639,1248.721154470123,58.832604036506055,901.0,35.33724882429478,0.8324446015737639
460,4600,295.70214550207106,-0.839999999999997,1.2307558653120447,35.670693853638454,0.8702758183472639,1272.3984,62.086684568979834,840.0,35.670693853638454,0.8702758183472639
461,4610,296.3328090644193,0.81856148491879,1.2245630762038848,35.95297171574077,0.8658968551744258,1292.6161751928562,62.26313028567004,862.0,35.95297171574077,0.8658968551744258
462,4620,296.96347262676755,0.4499999999999984,1.2028960589225608,34.863239952706635,0.8505759603267156,1215.4455000000003,59.307667605748335,840.0,34.863239952706635,0.8505759603267156
463,4630,297.5941361891158,-1.2418604651162763,1.1712811248209087,35.196949078658015,0.8282208260366716,1238.8252244456453,58.30169247979362,903.0,35.196949078658015,0.8282208260366716
464,4640,298.224799751464,-1.1858823529411722,1.2110443036125622,35.30770538445638,0.8563376394017829,1246.6340595155705,60.470634163238,850.0,35.30770538445638,0.8563376394017829
465,4650,298.85546331381227,-1.2844660194174724,1.215577139622912,34.893628253250306,0.8595428384827078,1217.565292676028,59.98513654751836,824.0,34.893628253250306,0.8595428384827078
466,4660,299.4861268761605,-0.6249134948096916,1.1699519191218868,34.44907482764097,0.8272809356733013,1186.7387564804067,56.99812571298079,867.0,34.44907482764097,0.8272809356733013
467,4670,300.1167904385087,-0.27148288973384493,1.2432330892971133,34.921353035084984,0.8790985480374894,1219.5008978010394,61.39862149729557,789.0,34.921353035084984,0.8790985480374894
468,4680,300.747454000857,-1.1684210526315753,1.2575339782339268,35.523943780462375,0.8892108035817059,1261.9505817174515,63.17654919083258,798.0,35.523943780462375,0.8892108035817059
469,4690,301.3781175632052,-2.8948207171314713,1.2841202624875703,35.23734568528046,0.9080101454640103,1241.6705309439533,63.991734762914255,753.0,35.23734568528046,0.9080101454640103
470,4700,302.0087811255534,-0.49170731707317117,1.2455587153560443,35.66737362054441,0.8807430139942637,1272.1615409875076,62.827580287635556,820.0,35.66737362054441,0.8807430139942637
471,4710,302.63944468790163,-1.1454545454545444,1.233041317968263,35.65174309285506,0.8718918774185569,1271.0467855589382,62.16893043694693,836.0,35.65174309285506,0.8718918774185569
472,4720,303.2701082502499,-0.8421593830334245,1.2501447746748053,34.869852351983766,0.8839858476374831,1215.9066030491476,61.648911976724506,778.0,34.869852351983766,0.8839858476374831
473,4730,303.9007718125981,0.03539325842696428,1.2741566129590356,33.998738990368985,0.9009647813170174,1155.9142529352362,61.26333287902428,712.0,33.998738990368985,0.9009647813170174
474,4740,304.53143537494634,0.2591259640102853,1.2729265188842578,35.50529560063544,0.9000949734552446,1260.6260156885023,63.91627620234913,778.0,35.50529560063544,0.9000949734552446
475,4750,305.1620989372946,-0.6470270270270232,1.280773001115403,34.84079240611148,0.905643274249347,1213.8808154857554,63.10665862422517,740.0,34.84079240611148,0.905643274249347
476,4760,305.79276249964283,0.8823529411764675,1.323235096622215,35.357871829990295,0.9356685099256046,1250.179100346021,66.16649449861505,714.0,35.357871829990295,0.9356685099256046
477,4770,306.42342606199105,-0.06684350132626395,1.2453783377926606,34.1969190425012,0.8806154677960214,1169.429271999381,60.22867171958972,754.0,34.1969190425012,0.8806154677960214
478,4780,307.0540896243393,0.38181818181818145,1.2938000031664203,34.86064820665889,0.9148547557381523,1215.2647933884296,63.78485959995315,726.0,34.86064820665889,0.9148547557381523
479,4790,307.68475318668754,-0.3357643758765761,1.3092048329198929,34.95846579882467,0.9257476153198573,1222.094331007594,64.72543269700544,713.0,34.95846579882467,0.9257476153198573
480,4800,308.31541674903576,0.18260869565217472,1.3341505618580884,35.04526826801751,0.9433869094136971,1228.1708279773152,66.12249464187789,690.0,35.04526826801751,0.9433869094136971
481,4810,308.94608031138404,0.952325581395345,1.300686549941226,34.11668836250421,0.9197242796615758,1163.9484248242302,62.75589325728531,688.0,34.11668836250421,0.9197242796615758
482,4820,309.57674387373225,0.12267037552155972,1.3140838100294254,35.23607371406275,0.9291975731192618,1241.5808907828637,65.48254836271703,719.0,35.23607371406275,0.9291975731192618
483,4830,310.2074074360805,-0.5274418604651216,1.433901685715582,36.41658631135272,1.0139216055243097,1326.1677585722023,73.84712732104268,645.0,36.41658631135272,1.0139216055243097
484,4840,310.83807099842875,1.7141654978962106,1.345357943002523,35.92382830785697,0.951311724620269,1290.5214402923862,68.34951812501971,713.0,35.92382830785697,0.951311724620269
485,4850,311.46873456077697,-1.0087912087912083,1.4099449435544746,35.58540152696787,0.9969816306870529,1266.320801835527,70.95598328601993,637.0,35.58540152696787,0.9969816306870529
486,4860,312.0993981231252,-0.8868035190615827,1.2851298314854978,33.56133224909031,0.9087240185485207,1126.3630223338296,60.99597741847082,682.0,33.56133224909031,0.9087240185485207
487,4870,312.7300616854734,-0.4558610709117193,1.3080713060946574,34.38511195856826,0.9249460908150763,1182.335924403274,63.608749776632884,691.0,34.38511195856826,0.9249460908150763
488,4880,313.3607252478217,1.0562874251497005,1.3495830079713627,34.88091210577156,0.9542992967106888,1216.6780293305608,66.5736597823303,668.0,34.88091210577156,0.9542992967106888
489,4890,313.9913888101699,1.070342771982111,1.3470681934203887,34.89400684348801,0.9525210542882688,1217.591713593388,66.47455237380254,671.0,34.89400684348801,0.9525210542882688
490,4900,314.6220523725181,-2.040000000000004,1.437426271401176,36.07911307113855,1.016413863963466,1301.7024000000008,73.34262145002145,630.0,36.07911307113855,1.016413863963466
491,4910,315.2527159348664,0.7909489051094883,1.3358645282335164,34.962920585784886,0.9445988666604878,1222.4058158879004,66.05187032094608,685.0,34.962920585784886,0.9445988666604878
492,4920,315.8833794972146,0.3270229007633624,1.3078877323245848,33.47272859865431,0.92481628455741,1120.4235598391697,61.912248993212074,655.0,33.47272859865431,0.92481628455741
493,4930,316.5140430595628,-0.6919075144508635,1.3273079101965684,34.91601969900785,0.9385484240225385,1219.128431621504,65.54075052328744,692.0,34.91601969900785,0.9385484240225385
494,4940,317.1447066219111,-1.2193548387096762,1.3877437205827972,35.40786698948494,0.9812829953731453,1253.7170447450571,69.49027555843139,651.0,35.40786698948494,0.9812829953731453
495,4950,317.7753701842593,-0.6054054054054029,1.4087244090428126,36.35491673462604,0.9961185824571844,1321.6799707815924,72.42761624608933,666.0,36.35491673462604,0.9961185824571844
496,4960,318.40603374660753,-0.7457943925233603,1.3506099247049932,34.22137464090046,0.9550254364967531,1171.1024823128648,65.36456650788975,642.0,34.22137464090046,0.9550254364967531
497,4970,319.0366973089558,-0.5690322580645134,1.375154939165067,34.24108184856677,0.9723813826657932,1172.4516861602492,66.59078102376391,620.0,34.24108184856677,0.9723813826657932
498,4980,319.667360871304,-1.5917808219178102,1.3251644665393185,33.96663049582094,0.9370327804774058,1153.7319872396326,63.65569243389547,657.0,33.96663049582094,0.9370327804774058
499,4990,320.29802443365224,-2.5966216216216167,1.3765291247970295,33.49239912871829,0.9733530786447631,1121.7407993973698,65.19985960627426,592.0,33.49239912871829,0.9733530786447631
500,5000,320.9286879960005,-2.8936708860759457,1.4926804792243722,35.10180254945318,1.0554844890043389,1232.136542220798,74.09881625408158,553.0,35.10180254945318,1.0554844890043389
501,5010,321.55935155834874,1.1571428571428626,1.4620255614012885,35.452235760360196,1.0338081887349202,1256.8610204081626,73.30162327604269,588.0,35.452235760360196,1.0338081887349202
502,5020,322.19001512069696,0.1583482944344718,1.4528564151369725,34.28864260937713,1.027324623233731,1175.7110119935924,70.45113369974881,557.0,34.28864260937713,1.027324623233731
503,5030,322.8206786830452,-2.080075901328273,1.5031538278074494,34.50712163651879,1.0628902648091636,1190.741443637503,73.35456730808293,527.0,34.50712163651879,1.0628902648091636
504,5040,323.45134224539345,-2.4100671140939567,1.497010612539762,36.54668659862036,1.0585463556350927,1335.660301337777,77.37272381901494,596.0,36.54668659862036,1.0585463556350927
505,5050,324.08200580774167,-1.6455223880596972,1.5203456188495688,35.19854583934856,1.0750466968357881,1238.9376292047218,75.68016087602949,536.0,35.19854583934856,1.0750466968357881
506,5060,324.7126693700899,-0.14210526315789718,1.4155021201173577,32.6487336062853,1.0009111479189188,1065.939806094183,65.356962863932,532.0,32.6487336062853,1.0009111479189188
507,5070,325.34333293243816,0.13500000000000512,1.4484016899179397,34.27543982212337,1.02417465682303,1174.8057750000003,70.20807363456325,560.0,34.27543982212337,1.02417465682303
508,5080,325.9739964947864,-2.8559999999999985,1.3944337345316913,34.156511297262185,0.9860135496026409,1166.6672639999992,67.35756589251238,600.0,34.156511297262185,0.9860135496026409
509,5090,326.6046600571346,1.3003558718861181,1.43697826563687,34.06578155837561,1.0160970760495147,1160.4774731829636,69.22828206961388,562.0,34.06578155837561,1.0160970760495147
510,5100,327.23532361948287,-1.9800000000000042,1.4417868378211414,34.11890385109112,1.0194972500488382,1164.0996000000002,69.56825730173621,560.0,34.11890385109112,1.0194972500488382
511,5110,327.8659871818311,0.9402985074626921,1.530156150750359,35.425676073774895,1.0819837904698837,1254.978525284027,76.66001455652246,536.0,35.425676073774895,1.0819837904698837
512,5120,328.4966507441793,0.2942675159235696,1.6797663545543848,36.4551871175498,1.187774180114412,1328.9806677755687,86.60105997893037,471.0,36.4551871175498,1.187774180114412
513,5130,329.1273143065276,-0.07397260273972392,1.591697292000035,35.98080929666653,1.1254999487694888,1294.6186376430846,80.99279804016585,511.0,35.98080929666653,1.1254999487694888
514,5140,329.7579778688758,0.843212237093694,1.5614479263863783,35.70905438155617,1.1041104172174812,1275.1365648249357,78.8534778633234,523.0,35.70905438155617,1.1041104172174812
515,5150,330.388641431224,-1.085771543086172,1.549832594920058,34.620637704497064,1.0958971375719166,1198.5885550660437,75.8813155225454,499.0,34.620637704497064,1.0958971375719166
516,5160,331.0193049935723,-1.7772631578947389,1.572352704706629,34.26863271709523,1.1118212599150663,1174.3391882991696,76.20118880617495,475.0,34.26863271709523,1.1118212599150663
517,5170,331.6499685559205,-1.9270588235294162,1.5377443280867586,34.72715631126638,1.087349442121298,1205.975385467128,75.52110808302922,510.0,34.72715631126638,1.087349442121298
518,5180,332.2806321182687,-2.4257943925233656,1.509343565331977,34.91121781092488,1.0672670701865217,1218.7931290418387,74.51918629941862,535.0,34.91121781092488,1.0672670701865217
519,5190,332.911295680617,1.136272545090183,1.5514048130698264,34.65575839761836,1.0970088636871225,1201.0215901140953,76.03534827997352,499.0,34.65575839761836,1.0970088636871225
520,5200,333.5419592429652,-1.2342857142857178,1.6290153146794621,36.05979116378118,1.1518877756665853,1300.3085387755111,83.07366526929897,490.0,36.05979116378118,1.1518877756665853
521,5210,334.17262280531344,-0.29857819905213157,1.7383721824637595,35.71075146913503,1.229214758446183,1275.25777049033,87.79236548212899,422.0,35.71075146913503,1.229214758446183
522,5220,334.80328636766166,-2.030578512396689,1.659478237979055,36.50852123553921,1.173428315306493,1332.8721228058175,85.6802651355002,484.0,36.50852123553921,1.173428315306493
523,5230,335.43394993000993,-4.217463617463617,1.6018048359256778,35.130322661227304,1.1326470616204518,1234.1395702819407,79.58051347203497,481.0,35.130322661227304,1.1326470616204518
524,5240,336.06461349235815,2.987628865979382,1.5677716080337494,34.526588164109306,1.108581935392402,1192.0852902540128,76.55110385892938,485.0,34.526588164109306,1.108581935392402
525,5250,336.69527705470637,1.277419354838707,1.6000802295541274,33.33393804515655,1.1314275807602512,1111.1514255983357,75.42987375928715,434.0,33.33393804515655,1.1314275807602512
526,5260,337.32594061705464,0.4887931034482751,1.54553294005626,33.29179838823237,1.0928568224609636,1108.3438399227114,72.76633800114931,464.0,33.29179838823237,1.0928568224609636
527,5270,337.95660417940286,-2.449180327868852,1.751421850620138,36.19134314998918,1.2384422672917923,1309.8133190002688,89.64177813401577,427.0,36.19134314998918,1.2384422672917923
528,5280,338.5872677417511,-1.4311804008908655,1.6447529278772788,34.85168970076825,1.1630159486784524,1214.6402749986355,81.06614192077207,449.0,34.85168970076825,1.1630159486784524
529,5290,339.21793130409935,-1.5327835051546337,1.5373610796221786,33.85686574731156,1.087078444533114,1146.2873582314787,73.61013790670783,485.0,33.85686574731156,1.087078444533114
530,5300,339.84859486644757,-3.380487804878052,1.6755088617730636,33.92646869054938,1.1847636780978867,1151.0052778108272,80.38969566137617,410.0,33.92646869054938,1.1847636780978867
531,5310,340.4792584287958,-1.121186440677966,1.6238459486445227,35.27896418330045,1.148232481888844,1244.6053138465963,81.01690520531744,472.0,35.27896418330045,1.148232481888844
532,5320,341.10992199114406,-1.9838297872340411,1.5874507254788641,34.41511163336514,1.1224971727856092,1184.399908736985,77.261731019107,470.0,34.41511163336514,1.1224971727856092
533,5330,341.7405855534923,0.11559633027522587,1.5690800200695105,32.763352693066416,1.1095071224154751,1073.4372796902624,72.70234633433485,436.0,32.763352693066416,1.1095071224154751
534,5340,342.3712491158405,1.612581344902391,1.5893554741924334,34.12490922423464,1.1238440335174307,1164.5094295622546,76.70215125196006,461.0,34.12490922423464,1.1238440335174307
535,5350,343.0019126781888,0.031111111111113487,1.7122413526213471,34.45819252512768,1.2107374714665813,1187.3670320987653,83.43964977836347,405.0,34.45819252512768,1.2107374714665813
536,5360,343.632576240537,-2.0796116504854414,1.661837794131207,33.73162314281934,1.1750967734622704,1137.8223998491849,79.2758430375445,412.0,33.73162314281934,1.1750967734622704
537,5370,344.2632398028852,-4.048988764044949,1.652721240645291,34.86419276535238,1.1686503966713293,1215.511937179649,81.48810540970949,445.0,34.86419276535238,1.1686503966713293
538,5380,344.8939033652334,-0.5882063882063867,1.708634387132906,34.470401910036784,1.2081869617101986,1188.2086078394677,83.29338030523354,407.0,34.470401910036784,1.2081869617101986
539,5390,345.5245669275817,-0.3890736342042796,1.6405205605220692,33.66066763594666,1.1600232130211114,1133.0405456976666,78.09431164697315,421.0,33.66066763594666,1.1600232130211114
540,5400,346.1552304899299,-0.46666666666666873,1.6620924885003296,34.54594364353393,1.1752768695778069,1193.4222222222224,81.20209700396778,432.0,34.54594364353393,1.1752768695778069
541,5410,346.78589405227814,-2.4940874035989724,1.7992930421869986,35.487605874399726,1.2722923114721996,1259.37017069673,90.30121621310887,389.0,35.487605874399726,1.2722923114721996
542,5420,347.4165576146264,0.3780000000000031,1.7389711872253657,34.77942374450731,1.2296383187750775,1209.6083159999991,85.53222428232395,400.0,34.77942374450731,1.2296383187750775
543,5430,348.04722117697463,0.9433155080213941,1.750544210305483,33.853913836594046,1.237821681873857,1146.0874820555339,83.81021712645098,374.0,33.853913836594046,1.237821681873857
544,5440,348.67788473932285,1.9613207547169786,1.6635475833061104,34.25454127930495,1.1763057769822438,1173.3735982556068,80.58762958944631,424.0,34.25454127930495,1.1763057769822438
545,5450,349.3085483016711,-0.03080684596577381,1.632762125597346,33.02057045150994,1.1545371710744445,1090.3580729431314,76.24695199270137,409.0,33.02057045150994,1.1545371710744445
546,5460,349.93921186401934,0.4741935483871019,1.8036006053169622,34.786588699984556,1.2753382185717859,1210.106753381893,88.72933212565542,372.0,34.786588699984556,1.2753382185717859
547,5470,350.56987542636756,-1.0907462686567178,1.8165007923631953,33.247423480621755,1.2844600283107521,1105.391168099799,85.40997301035796,335.0,33.247423480621755,1.2844600283107521
548,5480,351.20053898871583,-1.3758620689655203,1.6544018531844316,30.86246638156757,1.1698387691943029,952.4918311533886,72.2082193722271,348.0,30.86246638156757,1.1698387691943029
549,5490,351.83120255106405,1.7279999999999982,1.8662509523488144,34.91435830714923,1.3196387038016992,1219.012416,92.14867708102899,350.0,34.91435830714923,1.3196387038016992
550,5500,352.46186611341227,1.940831295843526,1.7468584163850305,35.328025131616734,1.2352154319986488,1248.0693597001437,87.27544364921819,409.0,35.328025131616734,1.2352154319986488
551,5510,353.09252967576055,2.641935483870971,1.8011092634539598,34.738537438278485,1.273576573846203,1206.7659833506757,88.48437498214153,372.0,34.738537438278485,1.273576573846203
552,5520,353.72319323810876,1.8600000000000045,1.6807625820272345,34.4453828546004,1.1884786193160684,1186.4843999999994,81.87520211369772,420.0,34.4453828546004,1.1884786193160684
553,5530,354.353856800457,-0.8217391304347806,1.7772829088512734,34.09419760045545,1.256728796935688,1162.4143100189026,85.69431986581601,368.0,34.09419760045545,1.256728796935688
554,5540,354.98452036280526,0.754491017964075,1.9488673853528737,35.61685113287216,1.3780573438163135,1268.5600846211769,98.16412653453375,334.0,35.61685113287216,1.3780573438163135
555,5550,355.6151839251535,-0.35195530726257296,1.8616142482386278,35.2233945568813,1.3163600588830304,1240.6875241097353,92.73333946591298,358.0,35.2233945568813,1.3163600588830304
556,5560,356.2458474875017,1.5661016949152538,1.9010015680591572,35.767131062810094,1.3442110998208903,1279.2876644642345,96.15714916675576,354.0,35.767131062810094,1.3442110998208903
557,5570,356.8765110498499,1.006611570247937,1.8629949157268353,35.494820331095156,1.317336338226506,1259.882270336726,93.51723328194524,363.0,35.494820331095156,1.317336338226506
558,5580,357.5071746121982,-1.7783783783783733,1.9930042143583186,36.368914073475665,1.4092667949061348,1322.6979108838561,102.50700594108733,333.0,36.368914073475665,1.4092667949061348
559,5590,358.1378381745464,0.839999999999997,1.827352604872163,33.941568204399644,1.2921334185240083,1152.0300521739127,87.7140691080334,345.0,33.941568204399644,1.2921334185240083
560,5600,358.7685017368946,-1.4482758620689664,1.8374428524468553,34.27705194632112,1.2992683010079242,1174.9162901307964,89.07017409171401,348.0,34.27705194632112,1.2992683010079242
561,5610,359.3991652992429,0.08025477707006647,1.9764469189484972,35.0227286337629,1.397559019043741,1226.591520954196,97.89266054727366,314.0,35.0227286337629,1.397559019043741
562,5620,360.0298288615911,-4.4818791946308725,2.0243684641868738,34.94601791736374,1.431444668646735,1221.2241682807078,100.04658207648721,298.0,34.94601791736374,1.431444668646735
563,5630,360.66049242393933,2.2761290322580647,2.1025313601080144,37.018884603316636,1.486714182389752,1370.3978172736738,110.07300151200094,310.0,37.018884603316636,1.486714182389752
564,5640,361.2911559862876,1.0285714285714296,1.9825960793013218,33.994441322315126,1.401907132027827,1155.622040816326,95.3140994781101,294.0,33.994441322315126,1.401907132027827
565,5650,361.9218195486358,0.917880794701983,1.8827595703867168,32.718872950708395,1.3313120595643182,1070.5246471645976,87.11806026926173,302.0,32.718872950708395,1.3313120595643182
566,5660,362.55248311098404,1.916504854368933,1.9699202337322324,34.628037624527686,1.3929439556686505,1199.100989725705,96.46983141150491,309.0,34.628037624527686,1.3929439556686505
567,5670,363.1831466733323,2.0928813559322066,2.105855627433873,36.169258182336264,1.4890647943583433,1308.2152374604987,107.71673799474875,295.0,36.169258182336264,1.4890647943583433
568,5680,363.81381023568053,-0.3742574257425746,1.9428004318336731,33.818123483329636,1.3737673598417435,1143.6654759337316,92.91646842499165,303.0,33.818123483329636,1.3737673598417435
569,5690,364.44447379802875,-1.6657627118644112,1.9748610377430988,33.91935221856021,1.3964376316892475,1150.5224549267457,94.73251976103928,295.0,33.91935221856021,1.3964376316892475
570,5700,365.075137360377,-1.3813953488372086,2.1185622584983594,36.755681451759735,1.4980497393500776,1350.9801189832347,110.12367803688629,301.0,36.755681451759735,1.4980497393500776
571,5710,365.70580092272525,-2.770212765957452,2.1317817921438063,35.79870385680286,1.5073973612348965,1281.5471978270723,107.9257434587483,282.0,35.79870385680286,1.5073973612348965
572,5720,366.33646448507346,-3.7255813953488404,2.1519228586379033,37.33446623226353,1.5216392459332015,1393.8623688480259,113.61917808996012,301.0,37.33446623226353,1.5216392459332015
573,5730,366.9671280474217,1.3090909090909095,1.9605125684281914,34.40685593798408,1.3862917317370296,1183.8317355371905,95.3958798037889,308.0,34.40685593798408,1.3862917317370296
574,5740,367.59779160976996,2.600000000000002,1.885348689908495,33.46161980538299,1.3331428435354704,1119.679999999999,89.21823795330216,315.0,33.46161980538299,1.3331428435354704
575,5750,368.2284551721182,2.9489361702127685,2.062374961513499,34.633164970726284,1.4583193206355405,1199.456115889542,101.01242722313631,282.0,34.633164970726284,1.4583193206355405
576,5760,368.8591187344664,-1.63578947368421,1.9851444432123742,33.51309536910662,1.403709097430263,1123.1275612188358,94.08527370532597,285.0,33.51309536910662,1.403709097430263
577,5770,369.48978229681467,-0.5566265060240921,2.2723322113172846,35.856797486235926,1.6067815157310752,1285.7099259689353,115.22807882839274,249.0,35.856797486235926,1.6067815157310752
578,5780,370.1204458591629,-3.186770428015564,2.0098538274585107,32.220407955078,1.4211812705896503,1038.1546887916538,91.58208063302926,257.0,32.220407955078,1.4211812705896503
579,5790,370.7511094215111,3.342857142857144,1.9887312693375607,34.099637917761676,1.4062453665063195,1162.7853061224498,95.90491564279111,294.0,34.099637917761676,1.4062453665063195
580,5800,371.3817729838594,2.0928813559322066,1.9734827409198146,33.89567919320947,1.3954630286590153,1148.917067968973,94.6003342908209,295.0,33.89567919320947,1.3954630286590153
581,5810,372.0124365462076,-3.633707865168534,2.179383907067291,35.61142647017245,1.5410571394961141,1268.1736952404988,109.7584860190003,267.0,35.61142647017245,1.5410571394961141
582,5820,372.6431001085558,-1.410108303249095,2.1187205290509556,35.26253735086974,1.4981616535310804,1243.4465404214834,105.65796253056098,277.0,35.26253735086974,1.4981616535310804
583,5830,373.2737636709041,-1.7612903225806436,2.2315108852800822,37.27358034698914,1.5779164792731422,1389.3197918834555,117.62919334205141,279.0,37.27358034698914,1.5779164792731422
584,5840,373.9044272332523,-3.2624999999999966,2.344337872701784,35.08683647395415,1.657697207179877,1231.0860937499995,116.32670166330169,224.0,35.08683647395415,1.657697207179877
585,5850,374.5350907956005,1.8298755186722038,2.264437370523128,35.15352132874073,1.601199020269139,1235.7700618102294,112.57556782117987,241.0,35.15352132874073,1.601199020269139
586,5860,375.1657543579488,-5.990163934426233,2.2228038374802073,34.721305902567714,1.571759666729735,1205.5690835796834,109.14709638768201,244.0,34.721305902567714,1.571759666729735
587,5870,375.796417920297,-3.7902439024390238,2.290457233489738,35.92441798077715,1.6195978418183732,1290.5638072575848,116.36621966049567,246.0,35.92441798077715,1.6195978418183732
588,5880,376.42708148264524,0.40645161290322546,2.3173301735607916,34.13640508203929,1.6385998799730348,1165.2941519250776,111.87181854028094,217.0,34.13640508203929,1.6385998799730348
589,5890,377.05774504499345,0.6796680497925287,2.0809998218384074,32.30580477710543,1.4714890856699354,1043.6650222964477,95.07527826658858,241.0,32.30580477710543,1.4714890856699354
590,5900,377.6884086073417,-1.8814479638009094,2.37005944054961,35.23346657844174,1.6758851022278245,1241.3971671341712,118.09448347730495,221.0,35.23346657844174,1.6758851022278245
591,5910,378.31907216968995,-1.2857142857142843,2.2596107112577273,35.36850207141249,1.5977860567720967,1250.9309387755097,113.0225989172358,245.0,35.36850207141249,1.5977860567720967
592,5920,378.94973573203816,0.6631578947368385,2.25448961609303,36.76961289071405,1.5941648956540373,1352.004432132965,117.23365219432903,266.0,36.76961289071405,1.5941648956540373
593,5930,379.58039929438644,-0.6853556485355687,2.3186423370494884,35.845340654411935,1.639527719673918,1284.8884466308368,117.53885924812556,239.0,35.845340654411935,1.639527719673918
594,5940,380.21106285673466,-4.131147540983611,2.2161465393152375,34.61731558089697,1.5670522460529042,1198.3585380274124,108.49428426673359,244.0,34.61731558089697,1.5670522460529042
595,5950,380.8417264190829,1.8000000000000047,2.440740399017378,37.09604242552516,1.725864087261148,1376.1163636363626,128.0454548034596,231.0,37.09604242552516,1.725864087261148
596,5960,381.47238998143115,1.989473684210527,2.240381257286273,35.210355294513946,1.5841887794703666,1239.7691199659064,111.55969955746802,247.0,35.210355294513946,1.5841887794703666
597,5970,382.10305354377937,-1.1775700934579467,2.0498945579829533,29.987372134842012,1.4494943426671467,899.2424875534992,86.93305252181588,214.0,29.987372134842012,1.4494943426671467
598,5980,382.7337171061276,-2.717647058823531,2.460150963679923,35.137984061061786,1.7395894291606933,1234.677923875432,122.25133126928002,204.0,35.137984061061786,1.7395894291606933
599,5990,383.36438066847586,-0.2270270270270247,2.3796774956531115,35.456396126743705,1.6826860942133361,1257.1560262965659,119.32396942678245,222.0,35.456396126743705,1.6826860942133361
600,6000,383.9950442308241,3.6615384615384596,2.221595547100115,33.98387713792298,1.5709052764083296,1154.9039053254442,106.77090381755121,234.0,33.98387713792298,1.5709052764083296
601,6010,384.6257077931723,-0.7411764705882327,2.2691804087058,35.00721032996638,1.6045528547315326,1225.5047750865049,112.3418385422695,238.0,35.00721032996638,1.6045528547315326
602,6020,385.25637135552057,-2.005714285714282,2.238644916474579,35.04033547505049,1.5829610011079673,1227.8251102040817,110.93496904548991,245.0,35.04033547505049,1.5829610011079673
603,6030,385.8870349178688,-1.8167441860465103,2.292730674861564,33.61803085699696,1.6212054076290214,1130.171998702,109.00346683840557,215.0,33.61803085699696,1.6212054076290214
604,6040,386.517698480217,-3.581052631578953,2.480115334360598,34.18603067963302,1.7537063710511207,1168.6846936288102,119.904519607643,190.0,34.18603067963302,1.7537063710511207
605,6050,387.1483620425653,0.7107692307692283,2.592985264283619,36.2090686604121,1.8335174638917389,1311.0966532544378,132.7799194802413,195.0,36.2090686604121,1.8335174638917389
606,6060,387.7790256049135,-0.23119266055046292,2.376008408220839,35.0813437370075,1.68009165760921,1230.7006783940753,117.87974590053483,218.0,35.0813437370075,1.68009165760921
607,6070,388.4096891672617,-2.615094339622638,2.3972362291432323,34.90428635745436,1.6951019937332474,1218.3092061231746,118.33265078871415,212.0,34.90428635745436,1.6951019937332474
608,6080,389.04035272960994,-2.6619718309859173,2.3028619444553695,33.60916359866789,1.6283692970608301,1129.575877802023,109.45626020793055,213.0,33.60916359866789,1.6283692970608301
609,6090,389.6710162919582,2.016000000000002,2.346172781361169,33.17989367071571,1.6589946835357854,1100.9053440000005,110.09053440000004,200.0,33.17989367071571,1.6589946835357854
610,6100,390.3016798543064,3.1188118811881216,2.3847176889324957,33.893206518317555,1.6862500490596795,1148.7494480933237,114.30484230860564,202.0,33.893206518317555,1.6862500490596795
611,6110,390.93234341665465,0.8042553191489359,2.6019745424961642,35.67647748478046,1.8398738434738022,1272.811045722047,131.28043550305918,188.0,35.67647748478046,1.8398738434738022
612,6120,391.5630069790029,-0.44771573604060905,2.568549946094836,36.05131646195469,1.8162390846999996,1299.6974186400055,130.95562002618124,197.0,36.05131646195469,1.8162390846999996
613,6130,392.19367054135114,2.8760869565217435,2.5386998428739918,34.43660012495936,1.7951318742934224,1185.879428166351,123.6364770532228,184.0,34.43660012495936,1.7951318742934224
614,6140,392.82433410369936,-4.057627118644068,2.513439964018235,33.43914383072847,1.7772704426625658,1118.1763401321457,118.86080391659199,177.0,33.43914383072847,1.7772704426625658
615,6150,393.45499766604763,-2.412765957446808,2.5966799923836983,35.60388227110929,1.8361300311859456,1267.6364327750107,130.7467149295853,188.0,35.60388227110929,1.8361300311859456
616,6160,394.08566122839585,1.1565217391304399,2.504733453005055,36.03683895425268,1.7711140096846711,1298.6537618147436,127.65070067325443,207.0,36.03683895425268,1.7711140096846711
617,6170,394.71632479074407,0.6562499999999962,2.489843259726968,34.50028022984017,1.7605850530445575,1190.2693359375005,121.48135539701049,192.0,34.50028022984017,1.7605850530445575
618,6180,395.34698835309234,-3.528000000000003,2.6720440714928344,35.34782052687267,1.8894204825818952,1249.4684160000004,133.57379223620396,175.0,35.34782052687267,1.8894204825818952
619,6190,395.97765191544056,-0.5599999999999979,2.817136449975006,37.79585162421929,1.9920162873051237,1428.5264000000002,150.57990405602527,180.0,37.79585162421929,1.9920162873051237
620,6200,396.6083154777888,0.0,2.4946727240261404,35.28000000000001,1.7640000000000005,1244.6784000000007,124.46784000000007,200.0,35.28000000000001,1.7640000000000005
621,6210,397.23897904013705,0.7491891891891871,2.3909205074612236,32.52003477096462,1.690636104103813,1057.5526615047477,109.95908978100832,185.0,32.52003477096462,1.690636104103813
622,6220,397.86964260248527,-0.4983050847457651,2.5634267571926803,34.104174860124886,1.8126164430859857,1163.0947428899744,123.63557625868414,177.0,34.104174860124886,1.8126164430859857
623,6230,398.5003061648335,2.1724137931034497,2.5093522230403487,33.10062919030833,1.7743799732973684,1095.6516527942917,117.46618707765077,174.0,33.10062919030833,1.7743799732973684
624,6240,399.1309697271817,0.5478260869565241,2.702772473159754,34.29433809988006,1.911148743775598,1176.1016257088852,131.0831623564028,161.0,34.29433809988006,1.911148743775598
625,6250,399.76163328953,1.0924855491329495,2.5849842838807584,34.00015982886726,1.8278599163927356,1156.0108683885192,124.29505860426593,173.0,34.00015982886726,1.8278599163927356
626,6260,400.3922968518782,-4.02127659574468,2.6205671083950723,35.93140590465668,1.853020772900578,1291.0659302851968,133.16328308170264,188.0,35.93140590465668,1.853020772900578
627,6270,401.0229604142264,1.6434782608695613,2.88427233041126,36.59731311219631,2.039488523622528,1339.3633270321359,149.27960017548926,161.0,36.59731311219631,2.039488523622528
628,6280,401.6536239765747,-3.697005988023957,2.949879216069809,38.120840678425566,2.085879597364219,1453.1984940299053,159.03096761099974,167.0,38.120840678425566,2.085879597364219
629,6290,402.2842875389229,1.6844919786096268,2.440277435044146,33.370292035241675,1.7255367222962306,1113.5763905173142,115.16332868111787,187.0,33.370292035241675,1.7255367222962306
630,6300,402.91495110127113,-0.6872727272727289,2.753869125708895,35.37408941093596,1.9472795332890291,1251.3262016528915,137.76648063730352,165.0,35.37408941093596,1.9472795332890291
631,6310,403.5456146636194,-0.5040000000000004,2.747403603404495,33.64868472912426,1.9427077186236743,1132.2339840000004,130.73911908960852,150.0,33.64868472912426,1.9427077186236743
632,6320,404.1762782259676,0.8999999999999968,2.463773238637958,31.934150998578318,1.7421507643468424,1019.7900000000004,111.2682111418814,168.0,31.934150998578318,1.7421507643468424
633,6330,404.80694178831584,-2.151219512195124,2.938877195965519,37.635991608651004,2.0780999943417244,1416.467864366449,156.4227078979657,164.0,37.635991608651004,2.0780999943417244
634,6340,405.4376053506641,0.2470588235294109,2.8822837361934197,35.65188086197613,2.038082375166065,1271.0566089965398,145.32294005262776,153.0,35.65188086197613,2.038082375166065
635,6350,406.06826891301233,-1.611627906976747,2.6465390674295444,34.70903447366557,1.8713857212545524,1204.7170740941049,129.90798302509953,172.0,34.70903447366557,1.8713857212545524
636,6360,406.69893247536055,-0.8828025477706977,2.884965902647319,36.148519149914186,2.0399789532538883,1306.7154367317128,147.48443651424017,157.0,36.148519149914186,2.0399789532538883
637,6370,407.3295960377088,1.2886363636363667,2.7375067058623337,36.31713041770866,1.935709555258904,1318.9339617768596,140.5988327382849,176.0,36.31713041770866,1.935709555258904
638,6380,407.96025960005704,3.566037735849053,2.7568523400285843,34.762585305622075,1.9493889843642136,1208.437337130652,135.53160172560192,159.0,34.762585305622075,1.9493889843642136
639,6390,408.59092316240526,1.0956521739130483,3.0786717549619813,36.1662042371396,2.1769496749811057,1307.9943289224946,157.46401311868271,138.0,36.1662042371396,2.1769496749811057
640,6400,409.22158672475354,2.5941176470588254,3.047842237735837,35.54364294263064,2.1551499142897916,1263.3505536332168,153.20375808271478,136.0,35.54364294263064,2.1551499142897916
641,6410,409.85225028710175,-2.4888888888888885,2.6804337129462,34.116351389015286,1.8953528549452936,1163.9254320987652,129.32504801097392,162.0,34.116351389015286,1.8953528549452936
642,6420,410.48291384945,5.727272727272722,2.918957545351686,34.90565542535869,2.0640146743138166,1218.4047806738722,144.09157002896401,143.0,34.90565542535869,2.0640146743138166
643,6430,411.1135774117982,-0.9971223021582784,3.0795199019331587,36.30700418472908,2.1775494054558684,1318.1985528699352,158.1205907526811,139.0,36.30700418472908,2.1775494054558684
644,6440,411.74424097414646,0.08811188811188372,2.9684593119321017,35.49761045737144,2.099017709143542,1260.080348183286,149.02022596460327,143.0,35.49761045737144,2.099017709143542
645,6450,412.3749045364947,0.8076923076923048,2.955932025175845,36.91957916124976,2.090159579728325,1363.0553254437875,154.3356241268488,156.0,36.91957916124976,2.090159579728325
646,6460,413.0055680988429,0.7132075471698084,3.0717035362768916,38.732707828776675,2.172022400296088,1500.2226557493777,168.2566180564532,159.0,38.732707828776675,2.172022400296088
647,6470,413.6362316611912,-0.21355932203389774,3.291111469032985,35.75062146017679,2.3271672373940437,1278.1069347888533,166.39534995719967,118.0,35.75062146017679,2.3271672373940437
648,6480,414.2668952235394,-2.8771653543307036,3.137970670361748,35.36313349891976,2.2188803401772885,1250.5512108624207,156.93312337563586,127.0,35.36313349891976,2.2188803401772885
649,6490,414.8975587858876,-0.7411764705882327,3.0552879153818355,35.630473718987325,2.1604148034438064,1269.5306574394465,153.95320575243144,136.0,35.630473718987325,2.1604148034438064
650,6500,415.5282223482359,7.242519685039368,2.897686262793267,32.65526574769776,2.048973606172223,1066.3663810527626,133.8195552391451,127.0,32.65526574769776,2.048973606172223
651,6510,416.1588859105841,-1.35971223021583,3.0355151076487843,35.78819531155766,2.1464333170126677,1280.7949236581974,153.6339495449678,139.0,35.78819531155766,2.1464333170126677
652,6520,416.7895494729323,1.9313868613138647,2.8104282321988143,32.89521907850138,1.987272861025903,1082.0954382226012,130.7435522644146,137.0,32.89521907850138,1.987272861025903
653,6530,417.4202130352806,2.713846153846155,3.1075437424211008,35.431450075291444,2.197365253099782,1255.3876544378702,155.71167452477016,130.0,35.431450075291444,2.197365253099782
654,6540,418.0508765976288,4.073684210526315,2.9824773077455196,34.39560623876044,2.108929929041855,1183.0577285318561,145.07584684892126,133.0,34.39560623876044,2.108929929041855
655,6550,418.68154015997703,3.101538461538462,3.2467394631470916,37.01852547579882,2.2957914911372788,1370.3712284023661,169.97363160357503,130.0,37.01852547579882,2.2957914911372788
656,6560,419.3122037223253,-5.690322580645156,2.9497679363728286,32.84722558951058,2.085800910735875,1078.9402289281986,137.02554609949584,124.0,32.84722558951058,2.085800910735875
657,6570,419.9428672846735,-1.7733333333333345,2.788036995462192,32.3940625561057,1.9714398656902836,1049.3752888888896,127.72589266954336,135.0,32.3940625561057,1.9714398656902836
658,6580,420.57353084702174,1.0266666666666666,2.888970027350585,33.566798410863605,2.042810296984284,1126.729955555555,137.14120286101576,135.0,33.566798410863605,2.042810296984284
659,6590,421.20419440936996,-1.378125,3.147643924782738,35.61152582359221,2.225720363974513,1268.180771484375,158.5225964355469,128.0,35.61152582359221,2.225720363974513
660,6600,421.83485797171824,2.5578947368421043,3.2481321725149095,37.45928759529224,2.2967762853754854,1403.198227146815,172.07120683185462,133.0,37.45928759529224,2.2967762853754854
661,6610,422.46552153406645,-4.42105263157895,3.3009548115700422,35.24455282955262,2.334127531651539,1242.1785041551252,164.53056220041182,114.0,35.24455282955262,2.334127531651539
662,6620,423.0961850964147,-3.0000000000000004,2.85457027038597,32.04247181476485,2.0184859955634358,1026.7200000000003,129.35456124267793,126.0,32.04247181476485,2.0184859955634358
663,6630,423.72684865876295,0.6116504854368985,3.149274918447607,31.961649655989405,2.226873650655014,1021.5470487322076,142.3491109007794,103.0,31.961649655989405,2.226873650655014
664,6640,424.35751222111116,-1.5206896551724125,3.255560394133008,35.063458523972024,2.302028831253799,1229.4461236623063,161.43418489131076,116.0,35.063458523972024,2.302028831253799
665,6650,424.9881757834594,-2.47058823529412,3.33776020581657,33.709725681712875,2.360152875507503,1136.3456055363326,159.12021200052754,102.0,33.709725681712875,2.360152875507503
666,6660,425.61883934580766,-1.9764705882352982,3.536244251644222,35.71431628273533,2.5005022902695773,1275.512387543254,178.60745932078353,102.0,35.71431628273533,2.5005022902695773
667,6670,426.2495029081559,-4.409999999999996,3.1731896413545777,34.7605509162326,2.2437839133927304,1208.2958999999994,155.9903299330233,120.0,34.7605509162326,2.2437839133927304
668,6680,426.8801664705041,-4.642105263157892,3.44325630707465,36.76391703243639,2.4347498840958344,1351.5855955678667,179.02188546726674,114.0,36.76391703243639,2.4347498840958344
669,6690,427.51083003285237,0.22500000000000478,3.441772507164211,36.42429649286309,2.433700679117239,1326.7293749999985,177.2916702220971,112.0,36.42429649286309,2.433700679117239
670,6700,428.1414935952006,3.4363636363636334,3.2665004624977247,35.931505087474974,2.3097646277811354,1291.07305785124,165.9866389479752,121.0,35.931505087474974,2.3097646277811354
671,6710,428.7721571575488,3.2918918918918973,3.2888048798548213,34.64970947484285,2.3255362325447533,1200.6023666910144,161.15830966179257,111.0,34.64970947484285,2.3255362325447533
672,6720,429.4028207198971,1.1009708737864128,3.739008145465724,37.94678822932819,2.643878014570551,1439.9587369214805,200.65335824617074,103.0,37.94678822932819,2.643878014570551
673,6730,430.0334842822453,-0.3176470588235283,2.9927911992939977,32.64749761231358,2.116222951696206,1065.859100346021,138.17876752525018,119.0,32.64749761231358,2.116222951696206
674,6740,430.6641478445935,-1.575,3.540176769950901,37.465709321992016,2.50328300063137,1403.6793749999995,187.57454650467776,112.0,37.465709321992016,2.50328300063137
675,6750,431.29481140694173,-5.800000000000002,2.9854674463165507,33.51178897045038,2.111044276302118,1123.0399999999997,141.48974058942747,126.0,33.51178897045038,2.111044276302118
676,6760,431.92547496929,4.47096774193548,3.6184348911829365,34.89492239195978,2.5586198488374614,1217.6556087408962,178.56568211142218,93.0,34.89492239195978,2.5586198488374614
677,6770,432.5561385316382,0.13263157894736324,3.5761110873154562,34.855619322254924,2.528692400117157,1214.9141983379507,176.2782793631255,95.0,34.855619322254924,2.528692400117157
678,6780,433.18680209398644,4.281553398058256,3.3969611953281698,34.475390822211644,2.4020142966441087,1188.5525723442347,165.62076327469092,103.0,34.475390822211644,2.4020142966441087
679,6790,433.8174656563347,2.472897196261684,3.4106432935654243,35.279968556191776,2.4116890010885323,1244.6761813258802,170.16862425143393,107.0,35.279968556191776,2.4116890010885323
680,6800,434.44812921868294,-4.499999999999995,3.2947604508630706,34.868467130058924,2.329747457190524,1215.8099999999995,162.46944526477228,112.0,34.868467130058924,2.329747457190524
681,6810,435.07879278103115,1.5206896551724125,3.076690084265168,33.136966328488946,2.17554842219331,1098.0585374554103,144.18214962443395,116.0,33.136966328488946,2.17554842219331
682,6820,435.70945634337943,5.774999999999996,3.472135172519929,34.01983796257707,2.4551703256851654,1157.349375,167.0489933006738,96.0,34.01983796257707,2.4551703256851654
683,6830,436.34011990572765,0.8563106796116556,3.205245273967162,32.52968672501703,2.266450668588313,1058.1805184277491,147.45386045376642,103.0,32.52968672501703,2.266450668588313
684,6840,436.97078346807587,0.15180722891566453,3.498120666439117,31.869395983425562,2.4735448446479045,1015.6584003483815,157.66076027368987,83.0,31.869395983425562,2.4735448446479045
685,6850,437.60144703042414,-5.2181818181818205,3.5133271602859972,34.95716386930044,2.4842974595651053,1222.0033057851238,173.68798678820835,99.0,34.95716386930044,2.4842974595651053
686,6860,438.23211059277236,-5.5730769230769255,3.365491270499303,34.32141132220424,2.3797616993941864,1177.9592751479292,163.35356026747127,104.0,34.32141132220424,2.3797616993941864
687,6870,438.8627741551206,2.9647058823529417,3.259755903246164,32.921920842689566,2.3049955041982417,1083.8528719723176,151.76975906393966,102.0,32.921920842689566,2.3049955041982417
688,6880,439.49343771746885,-0.5040000000000004,3.275612284749219,32.75612284749219,2.316207659084133,1072.963584,151.73996524252436,100.0,32.75612284749219,2.316207659084133
689,6890,440.12410127981707,5.012903225806447,3.711070091025343,35.788263907414745,2.6241228268225982,1280.7998335067646,187.8256005035967,93.0,35.788263907414745,2.6241228268225982
690,6900,440.7547648421653,-3.2336283185840675,3.3996189111262525,36.13844473300227,2.4038935855074004,1305.9871877202595,173.74595096775573,113.0,36.13844473300227,2.4038935855074004
691,6910,441.38542840451356,1.0956521739130483,3.4082762029262743,32.69103690830081,2.410015215245906,1068.703894139886,157.57179270234087,92.0,32.69103690830081,2.410015215245906
692,6920,442.0160919668618,1.5308411214953286,3.3001820702187787,34.13734877718984,2.3335811210019575,1165.358581535505,159.324545255019,107.0,34.13734877718984,2.3335811210019575
693,6930,442.64675552921,-1.5573033707865178,3.776685763101573,35.62918223080703,2.670520113499813,1269.4386264360558,190.29689554984063,89.0,35.62918223080703,2.670520113499813
694,6940,443.2774190915582,-3.1879518072289104,3.6613145143872523,33.35616269568202,2.5889403211799573,1112.6335897808092,172.71422912537986,83.0,33.35616269568202,2.5889403211799573
695,6950,443.9080826539065,2.1000000000000036,4.221818328635187,35.82331642938716,2.985276369115597,1283.3100000000004,213.88500000000005,72.0,35.82331642938716,2.985276369115597
696,6960,444.5387462162547,-6.461538461538461,3.854942621188234,34.04593138374954,2.7258560685272446,1159.1254437869818,185.6086173421117,78.0,34.04593138374954,2.7258560685272446
697,6970,445.1694097786029,-2.0045454545454553,3.500708277320473,32.83955454897655,2.475374561849184,1078.4363429752066,162.58039590599043,88.0,32.83955454897655,2.475374561849184
698,6980,445.8000733409512,4.199999999999996,3.811292694086878,33.0067629433727,2.6949909090755777,1089.446400000001,177.90585214080414,75.0,33.0067629433727,2.6949909090755777
699,6990,446.4307369032994,1.208219178082191,3.751197095936199,32.05024203710313,2.6524969041037703,1027.2180146368926,170.02633555838514,73.0,32.05024203710313,2.6524969041037703
